326431239	ACC	0.58298814	0.7314286	10.454282
326431248	ACC	0.62249243	0.60812724	10.348937
326431258	ACC	0.48482585	0.37708676	9.835381
326431268	ACC	0.4297592	0.2813187	9.755175
326431278	ACC	0.5734113	0.32800564	9.5971575
326431288	ACC	0.6907272	0.45609543	9.527725
326431298	ACC	0.6392518	0.5386954	9.591172
326431308	ACC	0.59855044	0.6847417	9.794679
326431318	ACC	0.6512229	0.8523358	9.956287
326431328	ACC	0.7194576	0.92895025	9.986216
326431338	ACC	0.7697359	1.0223241	9.939528
326431348	ACC	0.79607207	1.0354922	9.788693
326431358	ACC	0.7278373	1.0809821	9.607931
326431368	ACC	0.6979098	1.1288661	9.562442
326431378	ACC	0.7266402	1.2389994	9.534908
326431388	ACC	0.7493851	1.3503298	9.536105
326431398	ACC	0.7793127	1.4437037	9.621099
326431408	ACC	0.7433996	1.472434	9.580399
326431418	ACC	0.724246	1.4389153	9.55885
326431428	ACC	0.700304	1.3455414	9.485827
326431438	ACC	0.6787562	1.2497733	9.419987
326431448	ACC	0.6488287	1.1456255	9.508572
326431458	ACC	0.6907272	1.0271125	9.609129
326431468	ACC	0.61890113	0.88944596	9.659407
326431478	ACC	0.60453594	0.81761986	9.765948
326431488	ACC	0.5650316	0.78290397	9.894038
326431498	ACC	0.58657944	0.7613561	10.005369
326431508	ACC	0.6775591	0.7589619	9.949105
326431518	ACC	0.7266402	0.7422025	9.80665
326431528	ACC	0.6943185	0.7553706	9.657013
326431538	ACC	0.6667852	0.81761986	9.594764
326431548	ACC	0.7158663	0.8655039	9.557653
326431558	ACC	0.7637503	0.8415619	9.594764
326431568	ACC	0.712275	0.8343793	9.751583
326431578	ACC	0.6560113	0.748188	9.860519
326431588	ACC	0.6440403	0.6607997	9.939528
326431598	ACC	0.61411273	0.60932434	10.067618
326431608	ACC	0.6392518	0.59974754	10.113108
326431618	ACC	0.6356605	0.62847793	10.018537
326431628	ACC	0.6428431	0.676362	9.883265
326431638	ACC	0.6799533	0.7338228	9.704897
326431648	ACC	0.6787562	0.80684596	9.545682
326431658	ACC	0.688333	0.93732995	9.504981
326431668	ACC	0.6967127	0.9816227	9.526528
326431678	ACC	0.6907272	0.9780314	9.56723
326431688	ACC	0.6715736	0.9864111	9.647436
326431698	ACC	0.60214174	1.0031705	9.679757
326431708	ACC	0.6404489	1.0079589	9.744401
326431718	ACC	0.6548142	1.0390835	9.703699
326431728	ACC	0.6500258	1.0498575	9.647436
326431738	ACC	0.6392518	1.0606314	9.588778
326431748	ACC	0.61770403	1.0295067	9.469068
326431758	ACC	0.63206923	0.9911995	9.507375
326431768	ACC	0.63087213	0.961272	9.56723
326431778	ACC	0.6584055	0.92176765	9.682152
326431788	ACC	0.6715736	0.8834604	9.773131
326431798	ACC	0.7218518	0.8870517	9.873688
326431808	ACC	0.6907272	0.8655039	9.836577
326431818	ACC	0.6775591	0.8643068	9.713276
326431828	ACC	0.6799533	0.8774749	9.653421
326431838	ACC	0.7038953	0.8702923	9.624691
326431848	ACC	0.7026982	0.8487445	9.753978
326431858	ACC	0.6787562	0.8583213	9.749189
326431868	ACC	0.6380547	0.8583213	9.829395
326431878	ACC	0.6332663	0.8511387	9.792285
326431888	ACC	0.62847793	0.8463503	9.79827
326431898	ACC	0.59017074	0.8367735	9.78989
326431908	ACC	0.6560113	0.8463503	9.718064
326431918	ACC	0.6859388	0.8738836	9.712079
326431928	ACC	0.6607997	0.8810662	9.738416
326431938	ACC	0.6584055	0.8834604	9.762358
326431948	ACC	0.62129533	0.89184016	9.67018
326431958	ACC	0.62129533	0.89184016	9.719262
326431968	ACC	0.6428431	0.90021986	9.730036
326431978	ACC	0.676362	0.8870517	9.721656
326431988	ACC	0.676362	0.8858546	9.716867
326431998	ACC	0.7266402	0.90381116	9.757569
326432008	ACC	0.7134721	0.91099375	9.738416
326432018	ACC	0.7266402	0.90620536	9.665392
326432029	ACC	0.724246	0.92057055	9.655815
326432038	ACC	0.7254431	0.90740246	9.706094
326432048	ACC	0.6895301	0.91697925	9.785102
326432058	ACC	0.6703765	0.91458505	9.817424
326432068	ACC	0.6452374	0.90381116	9.725247
326432078	ACC	0.6799533	0.88944596	9.709685
326432088	ACC	0.6871359	0.88944596	9.625888
326432098	ACC	0.7015011	0.90979666	9.633071
326432108	ACC	0.7134721	0.92895025	9.593566
326432118	ACC	0.6847417	0.90021986	9.613917
326432128	ACC	0.6871359	0.8750807	9.712079
326432138	ACC	0.6631939	0.8810662	9.740809
326432148	ACC	0.6811504	0.8619126	9.7563715
326432158	ACC	0.664391	0.8439561	9.743204
326432168	ACC	0.6500258	0.8690952	9.657013
326432178	ACC	0.6500258	0.89423436	9.629479
326432188	ACC	0.6404489	0.91099375	9.720459
326432198	ACC	0.6679823	0.93014735	9.700109
326432208	ACC	0.6739678	0.91338795	9.682152
326432218	ACC	0.6775591	0.90381116	9.706094
326432228	ACC	0.6727707	0.8882488	9.698911
326432238	ACC	0.6703765	0.8846575	9.657013
326432248	ACC	0.6691794	0.8762778	9.667787
326432258	ACC	0.6607997	0.8822633	9.679757
326432268	ACC	0.6715736	0.8762778	9.759963
326432278	ACC	0.6907272	0.8571242	9.733627
326432288	ACC	0.6967127	0.8774749	9.685743
326432298	ACC	0.7230489	0.8882488	9.738416
326432308	ACC	0.7146692	0.8834604	9.78989
326432318	ACC	0.6679823	0.8834604	9.787497
326432328	ACC	0.63087213	0.89902276	9.768343
326432338	ACC	0.62249243	0.8810662	9.791088
326432348	ACC	0.61411273	0.90021986	9.709685
326432358	ACC	0.6380547	0.89782566	9.740809
326432368	ACC	0.6895301	0.91338795	9.775525
326432378	ACC	0.6607997	0.91937345	9.730036
326432388	ACC	0.6919243	0.90979666	9.703699
326432398	ACC	0.7302315	0.90500826	9.654618
326432408	ACC	0.7026982	0.90261406	9.661801
326432418	ACC	0.6619968	0.88944596	9.634268
326432428	ACC	0.6775591	0.8834604	9.672575
326432438	ACC	0.7062895	0.8846575	9.714474
326432448	ACC	0.6691794	0.8559271	9.679757
326432458	ACC	0.6799533	0.8499416	9.719262
326432468	ACC	0.6895301	0.8714894	9.776723
326432478	ACC	0.676362	0.8595184	9.811439
326432488	ACC	0.6943185	0.8738836	9.774328
326432498	ACC	0.676362	0.8702923	9.740809
326432508	ACC	0.7026982	0.8678981	9.682152
326432519	ACC	0.6991069	0.8846575	9.636662
326432528	ACC	0.6703765	0.89064306	9.657013
326432539	ACC	0.6919243	0.8655039	9.635465
326432549	ACC	0.6871359	0.89902276	9.674969
326432558	ACC	0.6607997	0.90261406	9.715671
326432568	ACC	0.664391	0.93134445	9.800665
326432578	ACC	0.6404489	0.92895025	9.759963
326432588	ACC	0.6380547	0.91697925	9.745598
326432598	ACC	0.62488663	0.92655605	9.726444
326432608	ACC	0.63206923	0.90381116	9.698911
326432618	ACC	0.6500258	0.91697925	9.807847
326432628	ACC	0.61052144	0.91338795	9.792285
326432638	ACC	0.6380547	0.89543146	9.840169
326432648	ACC	0.62368953	0.8762778	9.7958765
326432658	ACC	0.6332663	0.8487445	9.803059
326432668	ACC	0.6715736	0.8499416	9.77792
326432679	ACC	0.65242	0.8607155	9.791088
326432688	ACC	0.6619968	0.8511387	9.764751
326432698	ACC	0.6619968	0.8559271	9.6845455
326432708	ACC	0.6619968	0.8619126	9.714474
326432718	ACC	0.6392518	0.8379706	9.660604
326432728	ACC	0.6476316	0.8403648	9.688137
326432738	ACC	0.6440403	0.8439561	9.76954
326432748	ACC	0.641646	0.8762778	9.752781
326432758	ACC	0.6691794	0.89184016	9.776723
326432769	ACC	0.7206547	0.89064306	9.763555
326432778	ACC	0.6931214	0.8403648	9.712079
326432788	ACC	0.7086837	0.90021986	9.721656
326432798	ACC	0.6859388	0.90979666	9.694122
326432808	ACC	0.6739678	0.8571242	9.712079
326432818	ACC	0.7038953	0.8655039	9.7479925
326432828	ACC	0.7326257	0.8571242	9.661801
326432838	ACC	0.6392518	0.81522566	9.715671
326432848	ACC	0.61171854	0.79726917	9.7863
326432858	ACC	0.6991069	0.842759	9.776723
326432868	ACC	0.7098808	0.89303726	9.783905
326432878	ACC	0.7182605	0.91458505	9.69532
326432889	ACC	0.7074866	0.94810385	9.653421
326432898	ACC	0.6787562	0.9552865	9.582792
326432908	ACC	0.6871359	0.93134445	9.472659
326432918	ACC	0.6835446	0.91937345	9.445126
326432928	ACC	0.7134721	0.93014735	9.593566
326432938	ACC	0.664391	0.91458505	9.773131
326432948	ACC	0.6452374	0.8690952	9.848549
326432958	ACC	0.6368576	0.85473	9.807847
326432968	ACC	0.60333884	0.8607155	9.762358
326432978	ACC	0.60333884	0.8571242	9.720459
326432988	ACC	0.62488663	0.8810662	9.673772
326432998	ACC	0.6619968	0.8846575	9.576807
326433008	ACC	0.6536171	0.8714894	9.600749
326433018	ACC	0.61650693	0.8738836	9.606734
326433028	ACC	0.62009823	0.8619126	9.6845455
326433038	ACC	0.62368953	0.8559271	9.725247
326433048	ACC	0.62728083	0.8331822	9.744401
326433058	ACC	0.62967503	0.79607207	9.755175
326433068	ACC	0.6440403	0.80325466	9.821015
326433078	ACC	0.6392518	0.80325466	9.7803135
326433088	ACC	0.6619968	0.82001406	9.750386
326433098	ACC	0.6392518	0.8331822	9.757569
326433108	ACC	0.62847793	0.8511387	9.7563715
326433118	ACC	0.6428431	0.82599956	9.688137
326433128	ACC	0.61650693	0.80924016	9.738416
326433138	ACC	0.62967503	0.80804306	9.714474
326433148	ACC	0.6655881	0.81283146	9.689334
326433158	ACC	0.6991069	0.82360536	9.762358
326433168	ACC	0.7422025	0.8487445	9.859323
326433178	ACC	0.7290344	0.8798691	9.805453
326433188	ACC	0.6991069	0.90979666	9.707291
326433198	ACC	0.6655881	0.91458505	9.647436
326433208	ACC	0.6512229	0.90620536	9.713276
326433218	ACC	0.6476316	0.89543146	9.667787
326433228	ACC	0.6631939	0.8870517	9.715671
326433238	ACC	0.6967127	0.8882488	9.788693
326433249	ACC	0.688333	0.89184016	9.76116
326433259	ACC	0.6536171	0.8810662	9.738416
326433268	ACC	0.6572084	0.90859956	9.696517
326433278	ACC	0.6655881	0.92416185	9.609129
326433288	ACC	0.62847793	0.91219085	9.633071
326433298	ACC	0.6859388	0.8846575	9.652225
326433308	ACC	0.6787562	0.878672	9.673772
326433318	ACC	0.664391	0.8487445	9.758766
326433328	ACC	0.6607997	0.8355764	9.764751
326433338	ACC	0.6967127	0.82480246	9.765948
326433349	ACC	0.6344634	0.8499416	9.7084875
326433358	ACC	0.61650693	0.8403648	9.758766
326433368	ACC	0.60094464	0.8319851	9.720459
326433378	ACC	0.61890113	0.8559271	9.677363
326433388	ACC	0.62009823	0.8535329	9.8042555
326433398	ACC	0.6619968	0.8343793	9.757569
326433409	ACC	0.6428431	0.8511387	9.683349
326433419	ACC	0.62009823	0.8439561	9.680955
326433428	ACC	0.62009823	0.82719666	9.713276
326433438	ACC	0.61650693	0.81881696	9.696517
326433448	ACC	0.6344634	0.8511387	9.694122
326433458	ACC	0.6464345	0.842759	9.742006
326433468	ACC	0.6787562	0.8511387	9.767146
326433479	ACC	0.6835446	0.8559271	9.703699
326433488	ACC	0.6548142	0.8655039	9.733627
326433498	ACC	0.6667852	0.8762778	9.716867
326433508	ACC	0.6536171	0.89423436	9.730036
326433518	ACC	0.6536171	0.90141696	9.768343
326433528	ACC	0.6619968	0.92416185	9.68694
326433538	ACC	0.664391	0.89423436	9.67018
326433548	ACC	0.6607997	0.90979666	9.64145
326433558	ACC	0.6596026	0.89543146	9.643845
326433568	ACC	0.63206923	0.8858546	9.627085
326433578	ACC	0.6560113	0.8726865	9.667787
326433588	ACC	0.6895301	0.8499416	9.7324295
326433598	ACC	0.6596026	0.8726865	9.714474
326433608	ACC	0.6392518	0.8535329	9.709685
326433618	ACC	0.6560113	0.8499416	9.694122
326433628	ACC	0.6548142	0.8655039	9.690532
326433638	ACC	0.6464345	0.8583213	9.698911
326433648	ACC	0.6584055	0.878672	9.667787
326433659	ACC	0.6464345	0.8774749	9.691729
326433668	ACC	0.6584055	0.8834604	9.698911
326433678	ACC	0.664391	0.878672	9.706094
326433689	ACC	0.6464345	0.85473	9.66659
326433699	ACC	0.62249243	0.8571242	9.701305
326433708	ACC	0.6703765	0.8331822	9.67018
326433718	ACC	0.6631939	0.8319851	9.704897
326433728	ACC	0.6619968	0.85473	9.712079
326433738	ACC	0.6895301	0.8822633	9.805453
326433748	ACC	0.7182605	0.8738836	9.752781
326433758	ACC	0.6607997	0.8810662	9.660604
326433768	ACC	0.6500258	0.878672	9.629479
326433778	ACC	0.6536171	0.90500826	9.67856
326433788	ACC	0.6332663	0.8822633	9.654618
326433798	ACC	0.6572084	0.89543146	9.690532
326433808	ACC	0.6655881	0.89303726	9.722853
326433818	ACC	0.6811504	0.89423436	9.734824
326433828	ACC	0.6607997	0.89184016	9.745598
326433838	ACC	0.6811504	0.8738836	9.725247
326433848	ACC	0.688333	0.8678981	9.716867
326433858	ACC	0.6703765	0.8655039	9.716867
326433868	ACC	0.700304	0.8738836	9.733627
326433878	ACC	0.70509243	0.8583213	9.730036
326433888	ACC	0.6691794	0.8331822	9.643845
326433898	ACC	0.61171854	0.82599956	9.714474
326433908	ACC	0.61291564	0.8391677	9.679757
326433918	ACC	0.6512229	0.82719666	9.701305
326433928	ACC	0.6584055	0.81283146	9.739613
326433938	ACC	0.65242	0.82360536	9.720459
326433948	ACC	0.6380547	0.80445176	9.755175
326433958	ACC	0.6392518	0.81522566	9.7324295
326433968	ACC	0.6739678	0.8571242	9.734824
326433978	ACC	0.6607997	0.8523358	9.677363
326433988	ACC	0.62249243	0.8475474	9.755175
326433998	ACC	0.63206923	0.8463503	9.824607
326434008	ACC	0.6631939	0.8655039	9.767146
326434018	ACC	0.62967503	0.8643068	9.721656
326434028	ACC	0.6464345	0.8535329	9.67856
326434038	ACC	0.641646	0.8571242	9.639056
326434048	ACC	0.6727707	0.866701	9.657013
326434058	ACC	0.6619968	0.8858546	9.698911
326434068	ACC	0.61770403	0.8810662	9.704897
326434078	ACC	0.61890113	0.89782566	9.633071
326434088	ACC	0.5674258	0.89064306	9.583989
326434098	ACC	0.60333884	0.8738836	9.619903
326434108	ACC	0.6452374	0.8535329	9.6845455
326434118	ACC	0.62129533	0.8535329	9.661801
326434128	ACC	0.6368576	0.8643068	9.6845455
326434139	ACC	0.7062895	0.8583213	9.714474
326434148	ACC	0.65242	0.8451532	9.707291
326434158	ACC	0.6859388	0.82599956	9.753978
326434168	ACC	0.6811504	0.8463503	9.736021
326434179	ACC	0.6596026	0.8415619	9.770737
326434188	ACC	0.700304	0.8798691	9.753978
326434198	ACC	0.6943185	0.8714894	9.80665
326434208	ACC	0.688333	0.8631097	9.768343
326434218	ACC	0.676362	0.88944596	9.758766
326434228	ACC	0.6751649	0.90381116	9.688137
326434238	ACC	0.664391	0.8762778	9.603143
326434248	ACC	0.6859388	0.8690952	9.6845455
326434258	ACC	0.6847417	0.8619126	9.662998
326434268	ACC	0.6548142	0.8690952	9.749189
326434278	ACC	0.641646	0.8798691	9.740809
326434288	ACC	0.6560113	0.90021986	9.734824
326434298	ACC	0.6631939	0.8702923	9.720459
326434308	ACC	0.6859388	0.8559271	9.665392
326434318	ACC	0.6667852	0.8415619	9.636662
326434328	ACC	0.6452374	0.8714894	9.704897
326434338	ACC	0.60693014	0.8487445	9.7803135
326434348	ACC	0.6344634	0.8559271	9.746795
326434358	ACC	0.65242	0.8858546	9.749189
326434368	ACC	0.6464345	0.8714894	9.6845455
326434378	ACC	0.61890113	0.8655039	9.67856
326434388	ACC	0.59495914	0.8583213	9.659407
326434398	ACC	0.5758055	0.8678981	9.667787
326434408	ACC	0.65242	0.8846575	9.652225
326434418	ACC	0.6476316	0.8702923	9.728839
326434428	ACC	0.6787562	0.8643068	9.696517
326434438	ACC	0.700304	0.8846575	9.770737
326434449	ACC	0.6715736	0.8690952	9.743204
326434458	ACC	0.6955156	0.85473	9.720459
326434468	ACC	0.6835446	0.8714894	9.680955
326434478	ACC	0.6895301	0.8607155	9.714474
326434488	ACC	0.7098808	0.8834604	9.774328
326434498	ACC	0.6679823	0.8762778	9.770737
326434508	ACC	0.6607997	0.8475474	9.783905
326434518	ACC	0.641646	0.8535329	9.764751
326434528	ACC	0.6703765	0.8487445	9.751583
326434538	ACC	0.6667852	0.8391677	9.67018
326434548	ACC	0.6596026	0.8535329	9.68694
326434558	ACC	0.6739678	0.8607155	9.759963
326434568	ACC	0.6679823	0.8678981	9.696517
326434578	ACC	0.6464345	0.8798691	9.725247
326434588	ACC	0.61890113	0.8643068	9.637859
326434598	ACC	0.6775591	0.8655039	9.624691
326434609	ACC	0.7134721	0.8607155	9.639056
326434618	ACC	0.7098808	0.8583213	9.637859
326434628	ACC	0.7074866	0.8571242	9.646238
326434638	ACC	0.62129533	0.8499416	9.647436
326434649	ACC	0.62368953	0.8439561	9.65821
326434658	ACC	0.62249243	0.8571242	9.677363
326434668	ACC	0.61411273	0.8702923	9.718064
326434678	ACC	0.6428431	0.8499416	9.742006
326434689	ACC	0.6631939	0.8403648	9.844957
326434698	ACC	0.6811504	0.8774749	9.751583
326434709	ACC	0.6907272	0.8834604	9.726444
326434718	ACC	0.6811504	0.8834604	9.67856
326434728	ACC	0.6368576	0.89064306	9.696517
326434738	ACC	0.62009823	0.8726865	9.594764
326434749	ACC	0.6847417	0.8583213	9.68694
326434758	ACC	0.6536171	0.8451532	9.688137
326434768	ACC	0.6655881	0.8403648	9.749189
326434778	ACC	0.6751649	0.8319851	9.738416
326434788	ACC	0.7074866	0.8319851	9.79827
326434798	ACC	0.6584055	0.8403648	9.763555
326434808	ACC	0.6799533	0.8331822	9.703699
326434818	ACC	0.6596026	0.8391677	9.714474
326434828	ACC	0.6703765	0.8415619	9.657013
326434838	ACC	0.641646	0.8319851	9.618706
326434848	ACC	0.6775591	0.8355764	9.634268
326434858	ACC	0.7134721	0.8499416	9.637859
326434868	ACC	0.6787562	0.8511387	9.68694
326434878	ACC	0.6691794	0.8535329	9.718064
326434888	ACC	0.6512229	0.8619126	9.636662
326434898	ACC	0.6811504	0.8655039	9.67856
326434908	ACC	0.6476316	0.85473	9.750386
326434918	ACC	0.6512229	0.8738836	9.718064
326434928	ACC	0.6679823	0.8571242	9.739613
326434938	ACC	0.6775591	0.8523358	9.817424
326434948	ACC	0.6667852	0.8331822	9.770737
326434958	ACC	0.6488287	0.8559271	9.793482
326434968	ACC	0.6775591	0.8511387	9.722853
326434978	ACC	0.6380547	0.8631097	9.730036
326434988	ACC	0.62608373	0.8750807	9.76116
326434998	ACC	0.65242	0.8798691	9.66659
326435008	ACC	0.6859388	0.8702923	9.660604
326435018	ACC	0.6931214	0.8439561	9.689334
326435028	ACC	0.6596026	0.8583213	9.726444
326435038	ACC	0.6584055	0.8571242	9.8198185
326435048	ACC	0.6464345	0.8487445	9.7719345
326435058	ACC	0.61411273	0.8762778	9.740809
326435068	ACC	0.59376204	0.88944596	9.710882
326435078	ACC	0.61052144	0.878672	9.726444
326435088	ACC	0.6536171	0.90500826	9.725247
326435098	ACC	0.62847793	0.88944596	9.706094
326435108	ACC	0.6895301	0.8846575	9.680955
326435118	ACC	0.6871359	0.8631097	9.677363
326435128	ACC	0.6931214	0.8595184	9.672575
326435138	ACC	0.6619968	0.8631097	9.643845
326435148	ACC	0.6931214	0.8607155	9.637859
326435158	ACC	0.6548142	0.8499416	9.627085
326435168	ACC	0.6596026	0.842759	9.7240505
326435178	ACC	0.6560113	0.8295909	9.7324295
326435188	ACC	0.6619968	0.8283938	9.764751
326435198	ACC	0.62368953	0.82240826	9.76116
326435208	ACC	0.6835446	0.8403648	9.7719345
326435218	ACC	0.6404489	0.8391677	9.811439
326435228	ACC	0.6655881	0.8499416	9.768343
326435238	ACC	0.6715736	0.8678981	9.785102
326435248	ACC	0.6619968	0.8702923	9.722853
326435258	ACC	0.6739678	0.8762778	9.702502
326435268	ACC	0.6536171	0.8643068	9.714474
326435278	ACC	0.6727707	0.8559271	9.682152
326435288	ACC	0.6512229	0.8391677	9.629479
326435298	ACC	0.65242	0.8439561	9.615114
326435308	ACC	0.62608373	0.82719666	9.640253
326435318	ACC	0.6596026	0.8343793	9.643845
326435328	ACC	0.6703765	0.8343793	9.643845
326435338	ACC	0.6667852	0.8571242	9.709685
326435348	ACC	0.688333	0.8619126	9.67018
326435358	ACC	0.6380547	0.8607155	9.622296
326435368	ACC	0.62967503	0.8631097	9.664195
326435378	ACC	0.62249243	0.8762778	9.707291
326435388	ACC	0.6823475	0.89662856	9.758766
326435398	ACC	0.6835446	0.91219085	9.720459
326435408	ACC	0.6667852	0.89662856	9.775525
326435418	ACC	0.6631939	0.8643068	9.713276
326435428	ACC	0.6667852	0.8702923	9.659407
326435438	ACC	0.63206923	0.8726865	9.706094
326435448	ACC	0.63206923	0.8655039	9.746795
326435458	ACC	0.6368576	0.8762778	9.787497
326435468	ACC	0.6715736	0.8750807	9.69532
326435478	ACC	0.6775591	0.8774749	9.67856
326435488	ACC	0.6703765	0.8846575	9.792285
326435498	ACC	0.65242	0.8750807	9.774328
326435508	ACC	0.61770403	0.8415619	9.751583
326435518	ACC	0.60693014	0.8511387	9.719262
326435528	ACC	0.581791	0.8319851	9.736021
326435539	ACC	0.60932434	0.81522566	9.680955
326435548	ACC	0.6464345	0.81761986	9.734824
326435558	ACC	0.6476316	0.81522566	9.727641
326435568	ACC	0.6548142	0.830788	9.704897
326435578	ACC	0.6428431	0.8499416	9.64983
326435588	ACC	0.70509243	0.8523358	9.636662
326435598	ACC	0.7074866	0.8619126	9.624691
326435608	ACC	0.7230489	0.8631097	9.617508
326435618	ACC	0.6907272	0.8607155	9.700109
326435628	ACC	0.6691794	0.8523358	9.753978
326435638	ACC	0.6440403	0.8595184	9.689334
326435648	ACC	0.61890113	0.866701	9.688137
326435658	ACC	0.6619968	0.8738836	9.701305
326435668	ACC	0.6619968	0.8822633	9.700109
326435678	ACC	0.6344634	0.89303726	9.671378
326435688	ACC	0.6572084	0.8774749	9.635465
326435698	ACC	0.6799533	0.8834604	9.636662
326435708	ACC	0.664391	0.8702923	9.639056
326435718	ACC	0.6464345	0.8750807	9.65821
326435728	ACC	0.641646	0.8487445	9.703699
326435738	ACC	0.6631939	0.8607155	9.727641
326435748	ACC	0.6667852	0.8355764	9.722853
326435758	ACC	0.7230489	0.8559271	9.8042555
326435768	ACC	0.6943185	0.85473	9.76116
326435778	ACC	0.6655881	0.8463503	9.745598
326435788	ACC	0.6751649	0.8535329	9.770737
326435798	ACC	0.6787562	0.8595184	9.76116
326435808	ACC	0.6536171	0.82599956	9.672575
326435818	ACC	0.6811504	0.81761986	9.722853
326435828	ACC	0.6584055	0.830788	9.737218
326435838	ACC	0.6404489	0.82719666	9.746795
326435848	ACC	0.676362	0.842759	9.707291
326435858	ACC	0.6536171	0.8655039	9.66659
326435868	ACC	0.6440403	0.8750807	9.701305
326435878	ACC	0.6500258	0.8631097	9.753978
326435888	ACC	0.62368953	0.8726865	9.721656
326435899	ACC	0.6380547	0.8678981	9.750386
326435909	ACC	0.61291564	0.8643068	9.668983
326435918	ACC	0.63087213	0.8726865	9.709685
326435928	ACC	0.6619968	0.8583213	9.779117
326435938	ACC	0.6847417	0.8643068	9.725247
326435948	ACC	0.6596026	0.8559271	9.757569
326435958	ACC	0.61171854	0.82719666	9.694122
326435968	ACC	0.6404489	0.8475474	9.65821
326435978	ACC	0.6440403	0.8559271	9.64983
326435988	ACC	0.6607997	0.8619126	9.640253
326435998	ACC	0.6799533	0.8415619	9.715671
326436008	ACC	0.62847793	0.8379706	9.685743
326436018	ACC	0.61890113	0.8583213	9.722853
326436028	ACC	0.61770403	0.8475474	9.722853
326436038	ACC	0.59615624	0.8607155	9.696517
326436048	ACC	0.6404489	0.8355764	9.700109
326436058	ACC	0.61770403	0.8295909	9.706094
326436068	ACC	0.6536171	0.82719666	9.702502
326436078	ACC	0.6691794	0.8403648	9.797073
326436088	ACC	0.6655881	0.8571242	9.7324295
326436098	ACC	0.6572084	0.8774749	9.721656
326436108	ACC	0.6488287	0.90021986	9.677363
326436118	ACC	0.6739678	0.8750807	9.697714
326436128	ACC	0.664391	0.8607155	9.651027
326436138	ACC	0.6655881	0.8499416	9.629479
326436148	ACC	0.6751649	0.8367735	9.710882
326436158	ACC	0.6907272	0.8343793	9.841366
326436168	ACC	0.6727707	0.8583213	9.816227
326436178	ACC	0.62967503	0.866701	9.813833
326436188	ACC	0.6751649	0.8619126	9.714474
326436198	ACC	0.6560113	0.85473	9.683349
326436208	ACC	0.60812724	0.8415619	9.635465
326436219	ACC	0.6332663	0.8487445	9.661801
326436228	ACC	0.62608373	0.8571242	9.67018
326436238	ACC	0.62608373	0.8463503	9.676167
326436248	ACC	0.6631939	0.8511387	9.682152
326436258	ACC	0.6703765	0.8571242	9.700109
326436268	ACC	0.6679823	0.8523358	9.726444
326436278	ACC	0.6500258	0.8702923	9.749189
326436288	ACC	0.6655881	0.8726865	9.645041
326436298	ACC	0.6715736	0.8643068	9.685743
326436308	ACC	0.62728083	0.8487445	9.639056
326436318	ACC	0.62608373	0.8511387	9.691729
326436328	ACC	0.60453594	0.8571242	9.740809
326436338	ACC	0.62967503	0.8655039	9.703699
326436349	ACC	0.6667852	0.8619126	9.660604
326436358	ACC	0.6991069	0.8774749	9.648633
326436369	ACC	0.6943185	0.8702923	9.698911
326436378	ACC	0.6931214	0.8690952	9.680955
326436388	ACC	0.6667852	0.8714894	9.688137
326436398	ACC	0.6667852	0.8738836	9.731233
326436408	ACC	0.60214174	0.8583213	9.683349
326436418	ACC	0.60693014	0.8607155	9.714474
326436428	ACC	0.60214174	0.8678981	9.78989
326436438	ACC	0.62368953	0.85473	9.737218
326436448	ACC	0.65242	0.8319851	9.744401
326436458	ACC	0.7110779	0.8367735	9.77792
326436469	ACC	0.6955156	0.8391677	9.728839
326436478	ACC	0.6572084	0.8403648	9.689334
326436488	ACC	0.62728083	0.8463503	9.696517
326436498	ACC	0.6512229	0.842759	9.700109
326436509	ACC	0.6919243	0.8319851	9.706094
326436518	ACC	0.6703765	0.842759	9.713276
326436528	ACC	0.6512229	0.8367735	9.765948
326436538	ACC	0.6619968	0.8283938	9.712079
326436548	ACC	0.6476316	0.80445176	9.758766
326436558	ACC	0.62129533	0.81761986	9.713276
326436568	ACC	0.60693014	0.8523358	9.750386
326436578	ACC	0.59136784	0.8631097	9.7563715
326436588	ACC	0.6584055	0.8595184	9.757569
326436599	ACC	0.6715736	0.8678981	9.698911
326436608	ACC	0.6488287	0.8451532	9.6845455
326436618	ACC	0.6727707	0.842759	9.773131
326436628	ACC	0.6476316	0.8295909	9.768343
326436638	ACC	0.61650693	0.8415619	9.79827
326436648	ACC	0.60573304	0.8535329	9.743204
326436658	ACC	0.62249243	0.8643068	9.713276
326436668	ACC	0.6356605	0.8583213	9.668983
326436679	ACC	0.6332663	0.8463503	9.703699
326436688	ACC	0.6392518	0.8475474	9.688137
326436698	ACC	0.6428431	0.8619126	9.722853
326436708	ACC	0.61890113	0.8415619	9.667787
326436718	ACC	0.6404489	0.8367735	9.710882
326436728	ACC	0.6572084	0.8535329	9.722853
326436738	ACC	0.6811504	0.8643068	9.713276
326436749	ACC	0.6847417	0.878672	9.753978
326436758	ACC	0.7146692	0.89303726	9.773131
326436769	ACC	0.7110779	0.878672	9.728839
326436779	ACC	0.6823475	0.89662856	9.740809
326436788	ACC	0.6943185	0.8619126	9.728839
326436799	ACC	0.7158663	0.8439561	9.737218
326436808	ACC	0.7230489	0.8619126	9.755175
326436818	ACC	0.7134721	0.85473	9.752781
326436828	ACC	0.6703765	0.878672	9.775525
326436838	ACC	0.6596026	0.8810662	9.749189
326436848	ACC	0.6775591	0.878672	9.674969
326436858	ACC	0.6823475	0.8690952	9.677363
326436868	ACC	0.6775591	0.8559271	9.704897
326436878	ACC	0.6931214	0.8451532	9.668983
326436888	ACC	0.7062895	0.8331822	9.696517
326436898	ACC	0.6691794	0.85473	9.788693
326436908	ACC	0.6560113	0.8726865	9.847352
326436918	ACC	0.6440403	0.89902276	9.81503
326436928	ACC	0.60214174	0.89064306	9.714474
326436938	ACC	0.59017074	0.8738836	9.700109
326436948	ACC	0.61530983	0.8714894	9.659407
326436958	ACC	0.63206923	0.8655039	9.716867
326436968	ACC	0.6380547	0.8283938	9.731233
326436978	ACC	0.6548142	0.80325466	9.736021
326436988	ACC	0.62249243	0.8367735	9.755175
326436998	ACC	0.60812724	0.8439561	9.791088
326437008	ACC	0.6440403	0.8499416	9.803059
326437018	ACC	0.6476316	0.8810662	9.700109
326437028	ACC	0.6811504	0.8655039	9.721656
326437038	ACC	0.6943185	0.8583213	9.667787
326437048	ACC	0.6536171	0.8403648	9.714474
326437058	ACC	0.61530983	0.8343793	9.730036
326437068	ACC	0.62249243	0.8439561	9.767146
326437078	ACC	0.62368953	0.8415619	9.757569
326437088	ACC	0.59855044	0.8714894	9.702502
326437098	ACC	0.61411273	0.8750807	9.742006
326437108	ACC	0.62967503	0.8834604	9.7479925
326437118	ACC	0.664391	0.8750807	9.707291
326437128	ACC	0.70509243	0.85473	9.677363
326437138	ACC	0.6560113	0.8487445	9.7240505
326437148	ACC	0.63206923	0.8595184	9.7719345
326437158	ACC	0.6655881	0.8607155	9.745598
326437168	ACC	0.6655881	0.8762778	9.709685
326437178	ACC	0.6703765	0.866701	9.624691
326437188	ACC	0.6967127	0.8583213	9.618706
326437198	ACC	0.676362	0.866701	9.688137
326437208	ACC	0.6691794	0.8403648	9.679757
326437218	ACC	0.688333	0.8355764	9.69532
326437228	ACC	0.6955156	0.81881696	9.642648
326437238	ACC	0.62847793	0.82360536	9.7479925
326437248	ACC	0.6344634	0.830788	9.81503
326437258	ACC	0.61650693	0.8367735	9.791088
326437268	ACC	0.61052144	0.8499416	9.727641
326437278	ACC	0.63206923	0.82719666	9.672575
326437288	ACC	0.6691794	0.8403648	9.703699
326437298	ACC	0.6584055	0.8379706	9.713276
326437308	ACC	0.62129533	0.8559271	9.7719345
326437318	ACC	0.61171854	0.8870517	9.7324295
326437328	ACC	0.6560113	0.89782566	9.7803135
326437338	ACC	0.6464345	0.8870517	9.7563715
326437348	ACC	0.6380547	0.8834604	9.701305
326437358	ACC	0.6560113	0.8846575	9.703699
326437368	ACC	0.62847793	0.8726865	9.7803135
326437378	ACC	0.62488663	0.8499416	9.764751
326437388	ACC	0.62728083	0.8714894	9.738416
326437398	ACC	0.60333884	0.89662856	9.76116
326437408	ACC	0.6476316	0.8834604	9.697714
326437418	ACC	0.688333	0.8726865	9.677363
326437428	ACC	0.61291564	0.8559271	9.671378
326437438	ACC	0.6404489	0.8559271	9.762358
326437448	ACC	0.6751649	0.8643068	9.721656
326437458	ACC	0.6572084	0.8655039	9.68694
326437468	ACC	0.62967503	0.85473	9.700109
326437478	ACC	0.6919243	0.8391677	9.707291
326437488	ACC	0.688333	0.8343793	9.726444
326437498	ACC	0.6919243	0.80804306	9.709685
326437508	ACC	0.6679823	0.80924016	9.704897
326437518	ACC	0.6859388	0.82480246	9.7240505
326437528	ACC	0.6931214	0.8463503	9.718064
326437538	ACC	0.676362	0.8523358	9.720459
326437548	ACC	0.6596026	0.8403648	9.715671
326437558	ACC	0.6428431	0.82719666	9.728839
326437568	ACC	0.6380547	0.8355764	9.743204
326437578	ACC	0.6655881	0.8355764	9.763555
326437588	ACC	0.62847793	0.8439561	9.733627
326437598	ACC	0.62488663	0.8451532	9.716867
326437608	ACC	0.6703765	0.8535329	9.740809
326437618	ACC	0.6811504	0.85473	9.68694
326437628	ACC	0.7062895	0.8499416	9.725247
326437638	ACC	0.6823475	0.8415619	9.730036
326437648	ACC	0.6811504	0.8511387	9.713276
326437658	ACC	0.664391	0.8319851	9.750386
326437668	ACC	0.62967503	0.8415619	9.779117
326437678	ACC	0.59735334	0.830788	9.673772
326437688	ACC	0.59615624	0.8451532	9.629479
326437698	ACC	0.6332663	0.8367735	9.631873
326437708	ACC	0.62488663	0.81163436	9.615114
326437718	ACC	0.6572084	0.79726917	9.68694
326437728	ACC	0.6619968	0.8295909	9.785102
326437738	ACC	0.6500258	0.82001406	9.787497
326437748	ACC	0.6548142	0.830788	9.825804
326437758	ACC	0.63206923	0.8475474	9.702502
326437768	ACC	0.61770403	0.8583213	9.698911
326437779	ACC	0.62967503	0.8631097	9.797073
326437788	ACC	0.6691794	0.8655039	9.725247
326437798	ACC	0.6727707	0.8559271	9.713276
326437809	ACC	0.7026982	0.8702923	9.715671
326437818	ACC	0.6991069	0.8595184	9.739613
326437828	ACC	0.6979098	0.8559271	9.734824
326437838	ACC	0.6727707	0.8714894	9.728839
326437849	ACC	0.6679823	0.88944596	9.664195
326437859	ACC	0.6500258	0.8882488	9.704897
326437868	ACC	0.6392518	0.8870517	9.667787
326437878	ACC	0.6500258	0.8655039	9.749189
326437888	ACC	0.62728083	0.8631097	9.81503
326437898	ACC	0.6368576	0.8607155	9.829395
326437908	ACC	0.62967503	0.8655039	9.77792
326437918	ACC	0.6332663	0.8595184	9.731233
326437928	ACC	0.6548142	0.8403648	9.69532
326437938	ACC	0.6404489	0.8403648	9.725247
326437948	ACC	0.61052144	0.8619126	9.727641
326437958	ACC	0.6631939	0.8499416	9.773131
326437968	ACC	0.6823475	0.8774749	9.712079
326437978	ACC	0.6584055	0.8523358	9.618706
326437988	ACC	0.6488287	0.8331822	9.697714
326437998	ACC	0.676362	0.8367735	9.664195
326438008	ACC	0.6596026	0.8415619	9.7240505
326438018	ACC	0.6536171	0.8439561	9.685743
326438028	ACC	0.664391	0.8499416	9.721656
326438038	ACC	0.6464345	0.82121116	9.76116
326438048	ACC	0.61171854	0.8487445	9.765948
326438058	ACC	0.62129533	0.85473	9.78989
326438068	ACC	0.6488287	0.842759	9.770737
326438078	ACC	0.6823475	0.8774749	9.752781
326438088	ACC	0.6859388	0.8738836	9.66659
326438098	ACC	0.7015011	0.8475474	9.712079
326438108	ACC	0.6847417	0.82001406	9.725247
326438118	ACC	0.6631939	0.8355764	9.737218
326438128	ACC	0.61530983	0.80924016	9.725247
326438138	ACC	0.62608373	0.82599956	9.7084875
326438149	ACC	0.6404489	0.8511387	9.733627
326438158	ACC	0.6739678	0.8391677	9.731233
326438168	ACC	0.6787562	0.8415619	9.7084875
326438178	ACC	0.6871359	0.8499416	9.700109
326438188	ACC	0.664391	0.8726865	9.677363
326438199	ACC	0.6404489	0.88944596	9.738416
326438209	ACC	0.6440403	0.8655039	9.762358
326438218	ACC	0.6344634	0.8702923	9.7563715
326438229	ACC	0.6512229	0.8475474	9.662998
326438238	ACC	0.6691794	0.8583213	9.697714
326438248	ACC	0.6787562	0.8583213	9.710882
326438258	ACC	0.6500258	0.8690952	9.654618
326438269	ACC	0.6428431	0.8726865	9.660604
326438278	ACC	0.60094464	0.8822633	9.606734
326438288	ACC	0.6596026	0.8678981	9.635465
326438298	ACC	0.700304	0.8631097	9.609129
326438308	ACC	0.6835446	0.8571242	9.67018
326438318	ACC	0.6703765	0.8523358	9.664195
326438328	ACC	0.6392518	0.8559271	9.635465
326438338	ACC	0.6512229	0.8678981	9.657013
326438348	ACC	0.641646	0.8810662	9.674969
326438358	ACC	0.6488287	0.866701	9.689334
326438368	ACC	0.62608373	0.8595184	9.743204
326438378	ACC	0.59855044	0.8702923	9.775525
326438388	ACC	0.60812724	0.8678981	9.767146
326438398	ACC	0.58418524	0.8583213	9.683349
326438408	ACC	0.60573304	0.8619126	9.703699
326438418	ACC	0.59376204	0.8415619	9.67856
326438428	ACC	0.61411273	0.8415619	9.68694
326438438	ACC	0.6380547	0.85473	9.665392
326438448	ACC	0.6476316	0.8523358	9.667787
326438458	ACC	0.6332663	0.8738836	9.698911
326438468	ACC	0.6368576	0.8750807	9.78989
326438478	ACC	0.62129533	0.878672	9.690532
326438489	ACC	0.6368576	0.8714894	9.696517
326438498	ACC	0.6368576	0.8643068	9.662998
326438508	ACC	0.6356605	0.8690952	9.660604
326438518	ACC	0.6548142	0.8391677	9.718064
326438528	ACC	0.6356605	0.8403648	9.707291
326438538	ACC	0.62129533	0.8463503	9.712079
326438548	ACC	0.6440403	0.81522566	9.692925
326438558	ACC	0.676362	0.81881696	9.683349
326438569	ACC	0.6607997	0.82719666	9.689334
326438579	ACC	0.6344634	0.81043726	9.689334
326438588	ACC	0.61890113	0.81881696	9.720459
326438599	ACC	0.59735334	0.81881696	9.7240505
326438609	ACC	0.63087213	0.8295909	9.706094
326438619	ACC	0.63087213	0.842759	9.689334
326438628	ACC	0.6584055	0.8391677	9.779117
326438638	ACC	0.6667852	0.8295909	9.750386
326438648	ACC	0.60693014	0.81761986	9.706094
326438658	ACC	0.61171854	0.8343793	9.713276
326438669	ACC	0.62129533	0.8571242	9.66659
326438678	ACC	0.6356605	0.8487445	9.68694
326438689	ACC	0.6452374	0.842759	9.706094
326438698	ACC	0.6332663	0.8475474	9.668983
326438708	ACC	0.6631939	0.8583213	9.685743
326438718	ACC	0.6464345	0.8523358	9.730036
326438728	ACC	0.6464345	0.8355764	9.677363
326438738	ACC	0.65242	0.8535329	9.682152
326438748	ACC	0.6596026	0.8798691	9.68694
326438758	ACC	0.6679823	0.8834604	9.701305
326438768	ACC	0.62368953	0.8846575	9.715671
326438779	ACC	0.6823475	0.8834604	9.776723
326438788	ACC	0.6440403	0.90141696	9.701305
326438798	ACC	0.61650693	0.8870517	9.606734
326438808	ACC	0.65242	0.8643068	9.704897
326438818	ACC	0.6631939	0.8571242	9.697714
326438828	ACC	0.6607997	0.8774749	9.744401
326438838	ACC	0.6512229	0.8595184	9.763555
326438848	ACC	0.6464345	0.8463503	9.660604
326438858	ACC	0.6356605	0.85473	9.672575
326438868	ACC	0.6488287	0.8403648	9.680955
326438878	ACC	0.6464345	0.8415619	9.673772
326438888	ACC	0.6440403	0.8487445	9.672575
326438898	ACC	0.6344634	0.8643068	9.776723
326438908	ACC	0.60453594	0.8750807	9.770737
326438918	ACC	0.61770403	0.8655039	9.744401
326438928	ACC	0.62368953	0.8499416	9.721656
326438938	ACC	0.62488663	0.8367735	9.734824
326438948	ACC	0.5614403	0.8283938	9.719262
326438958	ACC	0.62368953	0.82480246	9.710882
326438968	ACC	0.641646	0.8499416	9.667787
326438978	ACC	0.6727707	0.8523358	9.749189
326438988	ACC	0.6835446	0.8475474	9.731233
326438998	ACC	0.6991069	0.8583213	9.762358
326439008	ACC	0.6476316	0.8451532	9.800665
326439018	ACC	0.6655881	0.8403648	9.706094
326439028	ACC	0.62488663	0.8355764	9.673772
326439038	ACC	0.6500258	0.8451532	9.69532
326439048	ACC	0.6751649	0.85473	9.719262
326439058	ACC	0.6512229	0.8750807	9.715671
326439068	ACC	0.641646	0.8822633	9.757569
326439078	ACC	0.6380547	0.8834604	9.703699
326439088	ACC	0.6560113	0.8607155	9.706094
326439098	ACC	0.60333884	0.8379706	9.765948
326439108	ACC	0.6344634	0.8319851	9.697714
326439118	ACC	0.6332663	0.8379706	9.7240505
326439128	ACC	0.6631939	0.80804306	9.672575
326439138	ACC	0.6655881	0.8319851	9.65821
326439148	ACC	0.664391	0.8571242	9.696517
326439158	ACC	0.6679823	0.8295909	9.745598
326439168	ACC	0.7170634	0.82121116	9.697714
326439178	ACC	0.7146692	0.8367735	9.714474
326439188	ACC	0.7134721	0.8319851	9.7084875
326439198	ACC	0.6775591	0.80804306	9.659407
326439208	ACC	0.6859388	0.8319851	9.722853
326439218	ACC	0.70509243	0.8367735	9.713276
326439228	ACC	0.6667852	0.85473	9.691729
326439238	ACC	0.62368953	0.8726865	9.719262
326439248	ACC	0.62847793	0.8822633	9.828198
326439258	ACC	0.62249243	0.8846575	9.746795
326439268	ACC	0.61052144	0.8774749	9.715671
326439278	ACC	0.6380547	0.89184016	9.701305
326439288	ACC	0.63087213	0.8882488	9.726444
326439298	ACC	0.6691794	0.90859956	9.794679
326439308	ACC	0.6584055	0.90141696	9.765948
326439318	ACC	0.6344634	0.89303726	9.701305
326439328	ACC	0.6584055	0.8750807	9.680955
326439338	ACC	0.6368576	0.8750807	9.727641
326439348	ACC	0.6464345	0.8523358	9.659407
326439358	ACC	0.6955156	0.8319851	9.690532
326439368	ACC	0.6560113	0.8343793	9.731233
326439378	ACC	0.63206923	0.8439561	9.702502
326439388	ACC	0.6332663	0.8475474	9.703699
326439398	ACC	0.6440403	0.8499416	9.639056
326439408	ACC	0.59974754	0.8655039	9.671378
326439418	ACC	0.59735334	0.85473	9.68694
326439428	ACC	0.60812724	0.85473	9.719262
326439438	ACC	0.60812724	0.8690952	9.743204
326439448	ACC	0.6679823	0.878672	9.737218
326439458	ACC	0.6859388	0.878672	9.668983
326439469	ACC	0.6919243	0.8607155	9.680955
326439478	ACC	0.6823475	0.8451532	9.722853
326439488	ACC	0.6679823	0.8283938	9.764751
326439498	ACC	0.7098808	0.8439561	9.829395
326439508	ACC	0.6811504	0.81043726	9.841366
326439518	ACC	0.65242	0.81642276	9.77792
326439528	ACC	0.6787562	0.8319851	9.7719345
326439538	ACC	0.6679823	0.8355764	9.7719345
326439548	ACC	0.676362	0.8571242	9.842564
326439559	ACC	0.6596026	0.8379706	9.793482
326439569	ACC	0.6356605	0.8511387	9.775525
326439578	ACC	0.63206923	0.8355764	9.696517
326439589	ACC	0.62967503	0.82121116	9.716867
326439598	ACC	0.6488287	0.8475474	9.782708
326439608	ACC	0.6655881	0.81761986	9.77792
326439619	ACC	0.664391	0.81881696	9.728839
326439628	ACC	0.6751649	0.82240826	9.750386
326439638	ACC	0.6715736	0.8319851	9.7803135
326439648	ACC	0.6404489	0.8367735	9.825804
326439659	ACC	0.62488663	0.8714894	9.76116
326439669	ACC	0.664391	0.8690952	9.779117
326439678	ACC	0.6572084	0.8738836	9.7240505
326439688	ACC	0.6572084	0.8870517	9.680955
326439698	ACC	0.62129533	0.866701	9.637859
326439708	ACC	0.6739678	0.8631097	9.654618
326439718	ACC	0.6703765	0.8583213	9.648633
326439728	ACC	0.7026982	0.8487445	9.690532
326439738	ACC	0.6919243	0.82480246	9.710882
326439748	ACC	0.6691794	0.8511387	9.665392
326439759	ACC	0.6919243	0.8451532	9.679757
326439768	ACC	0.6655881	0.8511387	9.746795
326439778	ACC	0.6572084	0.8403648	9.753978
326439789	ACC	0.6356605	0.8319851	9.750386
326439798	ACC	0.60693014	0.82480246	9.743204
326439808	ACC	0.59974754	0.8523358	9.76954
326439818	ACC	0.62129533	0.8295909	9.69532
326439828	ACC	0.6727707	0.8451532	9.743204
326439838	ACC	0.7015011	0.8523358	9.755175
326439849	ACC	0.62967503	0.8619126	9.69532
326439858	ACC	0.61530983	0.8726865	9.697714
326439868	ACC	0.6560113	0.8595184	9.701305
326439878	ACC	0.6452374	0.8511387	9.690532
326439889	ACC	0.641646	0.8523358	9.672575
326439898	ACC	0.61052144	0.8475474	9.648633
326439908	ACC	0.6380547	0.8403648	9.698911
326439918	ACC	0.61890113	0.82599956	9.7719345
326439928	ACC	0.61770403	0.8415619	9.704897
326439938	ACC	0.6392518	0.8535329	9.617508
326439948	ACC	0.6967127	0.8499416	9.715671
326439958	ACC	0.6991069	0.82001406	9.728839
326439968	ACC	0.6619968	0.81881696	9.674969
326439978	ACC	0.6631939	0.8319851	9.676167
326439988	ACC	0.6655881	0.8391677	9.651027
326439998	ACC	0.6380547	0.830788	9.66659
326440008	ACC	0.6332663	0.8439561	9.68694
326440018	ACC	0.6775591	0.8607155	9.709685
326440028	ACC	0.664391	0.8523358	9.736021
326440038	ACC	0.688333	0.8714894	9.69532
326440048	ACC	0.6703765	0.8655039	9.7863
326440058	ACC	0.6811504	0.8643068	9.7958765
326440068	ACC	0.676362	0.8834604	9.792285
326440078	ACC	0.6512229	0.89543146	9.759963
326440088	ACC	0.6560113	0.8882488	9.696517
326440098	ACC	0.6392518	0.8702923	9.629479
326440108	ACC	0.6572084	0.8810662	9.607931
326440118	ACC	0.6607997	0.8726865	9.751583
326440128	ACC	0.6548142	0.8678981	9.758766
326440138	ACC	0.65242	0.8643068	9.728839
326440148	ACC	0.6775591	0.8631097	9.703699
326440158	ACC	0.664391	0.8415619	9.768343
326440168	ACC	0.688333	0.8439561	9.817424
326440178	ACC	0.676362	0.8343793	9.773131
326440188	ACC	0.6548142	0.8499416	9.800665
326440198	ACC	0.6859388	0.8583213	9.800665
326440208	ACC	0.6775591	0.8535329	9.734824
326440218	ACC	0.6344634	0.8463503	9.653421
326440228	ACC	0.61530983	0.8343793	9.720459
326440238	ACC	0.6356605	0.82240826	9.710882
326440248	ACC	0.6488287	0.8355764	9.671378
326440259	ACC	0.6476316	0.8403648	9.755175
326440268	ACC	0.6500258	0.8487445	9.755175
326440278	ACC	0.6548142	0.8535329	9.728839
326440288	ACC	0.62847793	0.8391677	9.767146
326440298	ACC	0.6799533	0.8523358	9.746795
326440308	ACC	0.6811504	0.8463503	9.707291
326440318	ACC	0.6440403	0.8379706	9.664195
326440328	ACC	0.61530983	0.8487445	9.721656
326440338	ACC	0.6392518	0.8523358	9.690532
326440348	ACC	0.6476316	0.866701	9.765948
326440358	ACC	0.62967503	0.8595184	9.759963
326440368	ACC	0.61770403	0.8619126	9.698911
326440378	ACC	0.62967503	0.8762778	9.704897
326440388	ACC	0.6356605	0.8415619	9.744401
326440398	ACC	0.6488287	0.82719666	9.694122
326440408	ACC	0.62488663	0.8475474	9.704897
326440418	ACC	0.6536171	0.8571242	9.8042555
326440428	ACC	0.6895301	0.8463503	9.782708
326440439	ACC	0.6799533	0.8295909	9.671378
326440448	ACC	0.641646	0.8283938	9.718064
326440458	ACC	0.62129533	0.8367735	9.694122
326440468	ACC	0.6440403	0.8355764	9.660604
326440478	ACC	0.6631939	0.8475474	9.692925
326440488	ACC	0.6428431	0.8631097	9.725247
326440498	ACC	0.6560113	0.89423436	9.713276
326440508	ACC	0.6596026	0.8822633	9.68694
326440518	ACC	0.6488287	0.866701	9.661801
326440528	ACC	0.676362	0.8714894	9.662998
326440538	ACC	0.6787562	0.8619126	9.773131
326440548	ACC	0.6775591	0.8750807	9.864111
326440558	ACC	0.6500258	0.8595184	9.868899
326440568	ACC	0.6799533	0.85473	9.864111
326440578	ACC	0.6464345	0.8355764	9.842564
326440588	ACC	0.59615624	0.8499416	9.765948
326440598	ACC	0.6560113	0.8403648	9.696517
326440608	ACC	0.6991069	0.8367735	9.689334
326440618	ACC	0.7110779	0.8595184	9.752781
326440629	ACC	0.700304	0.830788	9.714474
326440638	ACC	0.6727707	0.81761986	9.818622
326440649	ACC	0.641646	0.81761986	9.776723
326440658	ACC	0.641646	0.8319851	9.746795
326440668	ACC	0.641646	0.81402856	9.692925
326440678	ACC	0.6428431	0.8295909	9.774328
326440688	ACC	0.60333884	0.842759	9.750386
326440698	ACC	0.641646	0.8343793	9.7479925
326440708	ACC	0.62967503	0.8379706	9.743204
326440718	ACC	0.664391	0.8379706	9.767146
326440728	ACC	0.6476316	0.8499416	9.701305
326440738	ACC	0.6679823	0.8870517	9.697714
326440748	ACC	0.6631939	0.8762778	9.704897
326440758	ACC	0.6715736	0.8595184	9.757569
326440768	ACC	0.6787562	0.8607155	9.6845455
326440778	ACC	0.6787562	0.8678981	9.689334
326440788	ACC	0.6428431	0.8631097	9.719262
326440798	ACC	0.6476316	0.8559271	9.664195
326440808	ACC	0.6428431	0.878672	9.676167
326440818	ACC	0.6811504	0.8858546	9.721656
326440830	ACC	0.6895301	0.8535329	9.738416
326440839	ACC	0.7074866	0.8690952	9.67856
326440848	ACC	0.7110779	0.8798691	9.696517
326440858	ACC	0.6943185	0.8822633	9.651027
326440868	ACC	0.6919243	0.89184016	9.773131
326440878	ACC	0.712275	0.8583213	9.753978
326440888	ACC	0.7170634	0.8535329	9.7479925
326440898	ACC	0.6895301	0.8750807	9.765948
326440908	ACC	0.6607997	0.8834604	9.803059
326440918	ACC	0.61530983	0.8631097	9.706094
326440928	ACC	0.6596026	0.85473	9.691729
326440939	ACC	0.61890113	0.8714894	9.702502
326440948	ACC	0.61530983	0.8690952	9.719262
326440958	ACC	0.62608373	0.8714894	9.716867
326440968	ACC	0.6344634	0.8499416	9.655815
326440978	ACC	0.6452374	0.8475474	9.69532
326440988	ACC	0.6548142	0.8439561	9.749189
326440998	ACC	0.62728083	0.8379706	9.721656
326441008	ACC	0.62129533	0.8343793	9.751583
326441018	ACC	0.60214174	0.8451532	9.671378
326441028	ACC	0.59256494	0.8511387	9.694122
326441038	ACC	0.61890113	0.8343793	9.745598
326441048	ACC	0.6452374	0.82360536	9.734824
326441058	ACC	0.6368576	0.81761986	9.76116
326441068	ACC	0.6536171	0.8367735	9.7803135
326441078	ACC	0.6847417	0.8283938	9.727641
326441088	ACC	0.676362	0.8331822	9.707291
326441098	ACC	0.6811504	0.8319851	9.739613
326441108	ACC	0.6943185	0.8391677	9.727641
326441118	ACC	0.7038953	0.8475474	9.688137
326441128	ACC	0.6919243	0.8451532	9.720459
326441138	ACC	0.6464345	0.8451532	9.824607
326441148	ACC	0.6512229	0.8655039	9.740809
326441158	ACC	0.6667852	0.8571242	9.698911
326441168	ACC	0.7015011	0.8714894	9.718064
326441178	ACC	0.688333	0.8762778	9.6845455
326441188	ACC	0.6751649	0.8535329	9.676167
326441198	ACC	0.7110779	0.8631097	9.76954
326441208	ACC	0.6775591	0.8846575	9.755175
326441218	ACC	0.6332663	0.866701	9.654618
326441229	ACC	0.6631939	0.8559271	9.673772
326441238	ACC	0.6560113	0.8595184	9.67856
326441248	ACC	0.61530983	0.8631097	9.719262
326441258	ACC	0.6332663	0.8403648	9.76954
326441268	ACC	0.61291564	0.8690952	9.69532
326441278	ACC	0.6332663	0.8595184	9.7324295
326441288	ACC	0.6356605	0.8762778	9.720459
326441298	ACC	0.6488287	0.878672	9.651027
326441308	ACC	0.6572084	0.89662856	9.619903
326441318	ACC	0.6356605	0.8774749	9.579201
326441328	ACC	0.6596026	0.8607155	9.622296
326441338	ACC	0.664391	0.81761986	9.657013
326441348	ACC	0.6703765	0.82240826	9.7084875
326441358	ACC	0.6631939	0.82121116	9.738416
326441368	ACC	0.6787562	0.82599956	9.799467
326441378	ACC	0.6727707	0.8367735	9.759963
326441388	ACC	0.6895301	0.8439561	9.713276
326441398	ACC	0.6691794	0.8535329	9.702502
326441408	ACC	0.6691794	0.8367735	9.744401
326441418	ACC	0.63087213	0.8355764	9.674969
326441428	ACC	0.62249243	0.8415619	9.691729
326441439	ACC	0.63206923	0.8631097	9.781511
326441448	ACC	0.61411273	0.8619126	9.794679
326441458	ACC	0.59855044	0.8678981	9.750386
326441468	ACC	0.58538234	0.8463503	9.671378
326441478	ACC	0.6332663	0.8499416	9.64983
326441489	ACC	0.6344634	0.8690952	9.639056
326441498	ACC	0.6655881	0.8678981	9.704897
326441508	ACC	0.6739678	0.8451532	9.758766
326441519	ACC	0.6799533	0.8439561	9.680955
326441528	ACC	0.6356605	0.8595184	9.682152
326441539	ACC	0.6979098	0.89184016	9.67856
326441548	ACC	0.6739678	0.8798691	9.671378
326441562	ACC	0.6871359	0.866701	9.67856
326441578	ACC	0.6703765	0.8726865	9.733627
326441588	ACC	0.6907272	0.8714894	9.794679
326441598	ACC	0.6931214	0.8595184	9.797073
326441608	ACC	0.6619968	0.8559271	9.725247
326441618	ACC	0.6440403	0.89184016	9.757569
326441628	ACC	0.6404489	0.8882488	9.672575
326441638	ACC	0.6787562	0.8810662	9.76954
326441648	ACC	0.641646	0.8655039	9.783905
326441658	ACC	0.6392518	0.8535329	9.7719345
326441668	ACC	0.676362	0.8595184	9.7563715
326441678	ACC	0.6536171	0.8655039	9.751583
326441688	ACC	0.6584055	0.8535329	9.79827
326441698	ACC	0.6847417	0.8523358	9.793482
326441708	ACC	0.7074866	0.8331822	9.767146
326441718	ACC	0.641646	0.8367735	9.740809
326441728	ACC	0.6631939	0.8379706	9.676167
326441738	ACC	0.65242	0.830788	9.674969
326441748	ACC	0.6931214	0.8463503	9.702502
326441758	ACC	0.6811504	0.8798691	9.718064
326441768	ACC	0.6775591	0.8607155	9.763555
326441778	ACC	0.6823475	0.8451532	9.734824
326441788	ACC	0.62967503	0.8439561	9.673772
326441798	ACC	0.62608373	0.8331822	9.698911
326441808	ACC	0.61770403	0.8295909	9.726444
326441818	ACC	0.58897364	0.81881696	9.6845455
326441828	ACC	0.60693014	0.81881696	9.731233
326441838	ACC	0.6380547	0.8403648	9.7803135
326441849	ACC	0.62847793	0.8690952	9.736021
326441858	ACC	0.62368953	0.8870517	9.752781
326441868	ACC	0.6619968	0.91817635	9.746795
326441878	ACC	0.6619968	0.93732995	9.688137
326441888	ACC	0.6655881	0.91817635	9.643845
326441898	ACC	0.6823475	0.90859956	9.648633
326441908	ACC	0.6751649	0.91937345	9.603143
326441918	ACC	0.6991069	0.91338795	9.672575
326441928	ACC	0.6751649	0.89064306	9.7324295
326441938	ACC	0.6464345	0.8571242	9.722853
326441948	ACC	0.6404489	0.8451532	9.751583
326441958	ACC	0.6464345	0.8643068	9.7563715
326441968	ACC	0.6572084	0.8319851	9.704897
326441978	ACC	0.62967503	0.8571242	9.651027
326441988	ACC	0.63087213	0.8451532	9.609129
326441998	ACC	0.6739678	0.842759	9.635465
326442008	ACC	0.6607997	0.82599956	9.651027
326442018	ACC	0.6823475	0.82001406	9.6845455
326442028	ACC	0.6572084	0.82121116	9.762358
326442038	ACC	0.6500258	0.82360536	9.763555
326442048	ACC	0.6380547	0.81163436	9.736021
326442058	ACC	0.6596026	0.80804306	9.764751
326442068	ACC	0.6727707	0.8319851	9.710882
326442078	ACC	0.6727707	0.8487445	9.680955
326442088	ACC	0.6452374	0.8607155	9.751583
326442098	ACC	0.6548142	0.8643068	9.707291
326442108	ACC	0.6775591	0.8583213	9.624691
326442118	ACC	0.7182605	0.8571242	9.712079
326442128	ACC	0.7015011	0.8523358	9.727641
326442138	ACC	0.6895301	0.8331822	9.680955
326442148	ACC	0.6859388	0.82360536	9.707291
326442158	ACC	0.6775591	0.8283938	9.767146
326442168	ACC	0.6619968	0.82480246	9.76116
326442178	ACC	0.6512229	0.8499416	9.728839
326442188	ACC	0.6536171	0.8798691	9.810242
326442198	ACC	0.6619968	0.89303726	9.759963
326442208	ACC	0.63087213	0.91099375	9.704897
326442218	ACC	0.6727707	0.90261406	9.661801
326442228	ACC	0.6727707	0.90381116	9.661801
326442238	ACC	0.6787562	0.90859956	9.720459
326442248	ACC	0.6584055	0.91458505	9.704897
326442258	ACC	0.6691794	0.90740246	9.697714
326442268	ACC	0.6979098	0.878672	9.667787
326442278	ACC	0.6799533	0.8750807	9.672575
326442288	ACC	0.6919243	0.8798691	9.673772
326442298	ACC	0.6512229	0.878672	9.715671
326442308	ACC	0.676362	0.89902276	9.652225
326442318	ACC	0.6811504	0.90141696	9.610326
326442328	ACC	0.6799533	0.8774749	9.627085
326442338	ACC	0.6476316	0.8559271	9.697714
326442348	ACC	0.59376204	0.8475474	9.752781
326442358	ACC	0.60693014	0.8343793	9.801862
326442368	ACC	0.58777654	0.82480246	9.745598
326442378	ACC	0.60693014	0.82121116	9.757569
326442388	ACC	0.5781997	0.80924016	9.701305
326442398	ACC	0.56982	0.8367735	9.767146
326442408	ACC	0.62009823	0.8415619	9.7719345
326442418	ACC	0.6464345	0.842759	9.725247
326442428	ACC	0.60573304	0.8499416	9.751583
326442438	ACC	0.641646	0.8643068	9.827001
326442448	ACC	0.6356605	0.8523358	9.8198185
326442458	ACC	0.60812724	0.8439561	9.78989
326442468	ACC	0.63087213	0.80924016	9.734824
326442478	ACC	0.6488287	0.81761986	9.742006
326442488	ACC	0.61530983	0.81402856	9.689334
326442498	ACC	0.6440403	0.82719666	9.700109
326442508	ACC	0.62249243	0.8487445	9.7324295
326442518	ACC	0.6596026	0.8858546	9.718064
326442528	ACC	0.6584055	0.89782566	9.694122
326442538	ACC	0.712275	0.90620536	9.674969
326442548	ACC	0.7098808	0.8738836	9.69532
326442558	ACC	0.6859388	0.8858546	9.680955
326442568	ACC	0.6931214	0.8798691	9.733627
326442579	ACC	0.6715736	0.8774749	9.713276
326442588	ACC	0.7098808	0.88944596	9.758766
326442598	ACC	0.6691794	0.878672	9.746795
326442608	ACC	0.712275	0.8846575	9.700109
326442618	ACC	0.7134721	0.8678981	9.688137
326442629	ACC	0.7134721	0.82719666	9.688137
326442638	ACC	0.6548142	0.81043726	9.646238
326442648	ACC	0.6715736	0.8331822	9.671378
326442658	ACC	0.6787562	0.8451532	9.709685
326442668	ACC	0.6751649	0.8475474	9.727641
326442678	ACC	0.62608373	0.8499416	9.726444
326442688	ACC	0.6428431	0.8523358	9.7084875
326442698	ACC	0.61890113	0.85473	9.7084875
326442708	ACC	0.6584055	0.8559271	9.640253
326442718	ACC	0.6655881	0.8463503	9.68694
326442728	ACC	0.6787562	0.8499416	9.683349
326442738	ACC	0.664391	0.8870517	9.69532
326442748	ACC	0.6584055	0.8655039	9.76116
326442758	ACC	0.6715736	0.8619126	9.7324295
326442768	ACC	0.6607997	0.8607155	9.745598
326442778	ACC	0.6332663	0.8678981	9.7324295
326442789	ACC	0.6344634	0.8403648	9.673772
326442799	ACC	0.664391	0.8403648	9.677363
326442808	ACC	0.6572084	0.8367735	9.696517
326442818	ACC	0.6703765	0.8607155	9.7084875
326442834	ACC	0.6727707	0.8631097	9.702502
326442848	ACC	0.62129533	0.8631097	9.642648
326442858	ACC	0.60693014	0.8631097	9.637859
326442868	ACC	0.60693014	0.82240826	9.81503
326442878	ACC	0.641646	0.59735334	11.909956
326442888	ACC	0.7134721	0.2693477	11.645397
326442898	ACC	0.89184016	1.2330139	10.056845
326442908	ACC	0.5530606	1.7034745	8.074445
326442918	ACC	-0.05626374	1.4053963	6.245275
326442928	ACC	-0.14844051	0.93134445	5.6323595
326442938	ACC	0.50757074	0.92176765	7.0964136
