0.833905,GPS,0.2935315,-0.1384736
0.8509211,GPS,-0.128202,0.2470987
0.8674237,GPS,-0.2163499,-0.1762582
0.8838741,GPS,-0.02886289,0.3473799
0.9001705,GPS,0.1466323,0.1879248
0.9170884,GPS,0.2900612,0.06159809
0.9337726,GPS,0.336594,-0.3429986
0.9498703,GPS,0.2780128,-0.02664101
0.9664386,GPS,0.1118534,-0.3503127
0.9832697,GPS,0.06845114,-0.2812009
0.9995703,GPS,0.2458673,-0.3243436
1.016183,GPS,0.08721241,-0.1126713
1.033147,GPS,0.1041458,-0.2602123
1.049851,GPS,-0.0442794,-0.07225069
1.065837,GPS,0.006551653,-0.442167
1.082404,GPS,0.08940214,-0.0940598
1.098979,GPS,-0.3244352,0.1690428
1.115881,GPS,-0.1138569,0.03156078
1.132836,GPS,-0.4181284,-0.05025601
1.14867,GPS,-0.05914912,-0.08117595
1.165749,GPS,-0.3331501,0.2870079
1.182703,GPS,0.1001487,0.3577731
1.198649,GPS,-0.2623542,0.3303254
1.214938,GPS,-0.1216981,-0.3243697
1.231863,GPS,-0.004741579,0.2622511
1.248134,GPS,-0.2880068,-0.03231484
1.264637,GPS,-0.1656939,0.09748265
1.281203,GPS,0.02643469,0.1520867
1.29777,GPS,0.1568734,-0.06440395
1.314449,GPS,0.3746329,0.1530988
1.331121,GPS,0.3346431,0.2156267
1.347689,GPS,-0.3432879,-0.375959
1.364701,GPS,0.05105916,0.1090884
1.380604,GPS,-0.02339157,0.1027359
1.39717,GPS,-0.3254892,0.0407078
1.413846,GPS,0.1504725,0.1165959
1.430477,GPS,-0.375947,0.1378312
1.446911,GPS,0.3131523,-0.07309377
1.46358,GPS,-0.2095851,-0.09756261
1.480006,GPS,-0.09439942,0.2688994
1.49657,GPS,0.2506036,-0.4132246
1.513575,GPS,0.1081809,-0.1094487
1.529703,GPS,0.1719675,0.1202129
1.54627,GPS,-0.2292974,-0.01240078
1.563101,GPS,-0.1867742,-0.08631888
1.579404,GPS,-0.2217759,0.180206
1.596387,GPS,0.01444918,-0.1153641
1.61339,GPS,0.2579358,0.03094634
1.629337,GPS,-0.2241874,0.2690943
1.645804,GPS,-0.1280682,-0.04161713
1.662639,GPS,0.05419204,0.1531174
1.678804,GPS,0.04829329,0.1894954
1.695516,GPS,0.4109924,0.08125967
1.712223,GPS,0.3066758,0.3410159
1.728803,GPS,0.1289485,0.1344096
1.745806,GPS,-0.2667904,-0.3191756
1.761638,GPS,0.4673237,-0.2761219
1.778362,GPS,-0.2264271,0.06090689
1.795335,GPS,0.296921,0.09589034
1.811513,GPS,-0.3026814,0.1678298
1.827932,GPS,0.1692016,0.1560468
1.84478,GPS,0.3306404,0.112042
1.861053,GPS,-0.07560134,0.4621412
1.878192,GPS,0.1556653,0.5394595
1.894404,GPS,0.331751,0.3197578
1.910753,GPS,0.7149951,0.4748392
1.928095,GPS,0.474659,0.505205
1.94406,GPS,0.4228995,0.4556359
1.960452,GPS,0.5237377,0.3198713
1.977022,GPS,0.7020202,0.5800816
1.993726,GPS,0.5778273,0.7261607
2.01027,GPS,1.018963,0.263995
2.027202,GPS,1.01829,0.1426979
2.043283,GPS,0.8603561,0.4505087
2.059837,GPS,1.117322,0.7358858
2.076571,GPS,1.345352,0.611715
2.092971,GPS,1.194483,0.7863208
2.109848,GPS,1.156758,0.4673694
2.126105,GPS,1.234923,0.9315386
2.142671,GPS,1.725787,1.201911
2.159299,GPS,1.139775,0.7472711
2.176639,GPS,1.465547,0.6095343
2.192371,GPS,1.519192,0.8674142
2.208939,GPS,1.609352,0.6743013
2.225805,GPS,1.770723,0.7884692
2.242129,GPS,1.926109,1.250852
2.258638,GPS,1.931434,1.240937
2.275204,GPS,1.865092,1.219712
2.291857,GPS,1.950134,1.207517
2.308417,GPS,1.879512,1.230592
2.32518,GPS,1.990774,1.306831
2.341479,GPS,2.339755,1.632225
2.358037,GPS,2.038731,1.570919
2.375251,GPS,2.497003,1.693847
2.391179,GPS,2.26273,1.535131
2.407847,GPS,2.366206,1.595455
2.424303,GPS,2.358584,1.246691
2.44159,GPS,2.746974,1.641551
2.457487,GPS,2.438502,1.660698
2.474004,GPS,2.827552,1.57741
2.490571,GPS,2.922547,1.79051
2.507137,GPS,2.748989,1.486706
2.523704,GPS,2.84914,2.064112
2.541048,GPS,3.083503,1.989121
2.55684,GPS,3.156928,1.926951
2.573403,GPS,3.261282,1.821884
2.59102,GPS,3.390912,1.962002
2.606544,GPS,3.14356,2.091788
2.62344,GPS,3.233675,2.490622
2.639671,GPS,3.205181,2.437683
2.656236,GPS,3.572528,2.152025
2.672877,GPS,3.97071,2.110324
2.689811,GPS,4.019974,2.44266
2.705959,GPS,3.421099,2.448049
2.722734,GPS,3.648553,2.485516
2.73907,GPS,3.597499,2.069338
2.755637,GPS,3.920274,2.752203
2.77259,GPS,3.99929,2.625166
2.789534,GPS,3.983572,2.736173
2.805337,GPS,3.993157,2.961954
2.822652,GPS,4.192919,2.452724
2.838624,GPS,4.353626,2.918813
2.855037,GPS,4.590836,2.88968
2.871975,GPS,4.483169,2.997074
2.88817,GPS,4.459706,2.599986
2.905242,GPS,4.900779,3.043972
2.921304,GPS,4.626839,2.934577
2.938169,GPS,4.450335,2.798359
2.954437,GPS,4.790929,2.894262
2.971061,GPS,4.51313,2.858957
2.988024,GPS,4.84542,3.396457
3.00417,GPS,5.153986,3.191226
3.021397,GPS,4.78281,2.869318
3.037403,GPS,5.064299,2.776264
3.0541,GPS,5.050783,2.955954
3.071347,GPS,5.517492,3.197488
3.08697,GPS,5.372117,3.466332
3.103537,GPS,5.494986,3.531531
3.121065,GPS,5.881382,3.240458
3.137031,GPS,5.674223,3.026649
3.153968,GPS,5.962126,3.642753
3.169805,GPS,5.764952,3.541849
3.186626,GPS,5.577325,4.002914
3.203349,GPS,6.197938,3.58107
3.219507,GPS,6.055104,3.573315
3.236301,GPS,5.989717,3.955133
3.253247,GPS,6.28893,3.846836
3.269203,GPS,6.184692,3.800026
3.286131,GPS,6.141104,4.038406
3.302337,GPS,6.282266,4.128286
3.318904,GPS,6.370036,4.13793
3.33547,GPS,6.518312,4.022544
3.352543,GPS,6.387445,3.976579
3.368604,GPS,6.566597,3.950243
3.38517,GPS,6.735502,3.925529
3.401803,GPS,6.663309,4.214469
3.418303,GPS,6.94937,4.324831
3.43487,GPS,6.364333,4.458077
3.451437,GPS,7.354382,4.460177
3.468003,GPS,6.782545,4.601407
3.48457,GPS,6.832554,4.115963
3.501306,GPS,7.042805,4.550098
3.518242,GPS,7.229083,4.31196
3.535178,GPS,7.29548,4.324546
3.551152,GPS,7.532295,4.724407
3.567412,GPS,7.277061,4.644733
3.584386,GPS,7.421345,4.55692
3.600538,GPS,7.591934,5.031677
3.617103,GPS,7.678457,4.996111
3.633805,GPS,7.638859,4.605552
3.650239,GPS,7.837617,4.73362
3.667083,GPS,7.76051,5.231936
3.68337,GPS,7.621841,4.893787
3.69994,GPS,8.109818,5.223831
3.716829,GPS,8.065978,4.787188
3.733109,GPS,7.886957,4.886223
3.749748,GPS,8.322689,5.158868
3.766375,GPS,8.488106,5.367385
3.783381,GPS,8.300887,5.58573
3.799377,GPS,8.130365,5.237691
3.816307,GPS,8.215652,5.418689
3.83247,GPS,8.640956,4.917002
3.849635,GPS,8.482748,5.292985
3.865933,GPS,8.856241,5.442573
3.882216,GPS,8.771347,5.16131
3.899211,GPS,8.937853,5.620195
3.915497,GPS,8.758241,5.817377
3.932503,GPS,8.831261,5.662211
3.94908,GPS,9.047269,5.621487
3.965004,GPS,9.238771,5.700782
3.981772,GPS,9.293824,5.794722
3.998725,GPS,8.819153,5.61188
4.015051,GPS,9.028517,5.874274
4.032016,GPS,9.431549,5.521255
4.047968,GPS,9.572856,5.701957
4.064404,GPS,9.872242,5.680097
4.081243,GPS,9.849417,5.94593
4.097538,GPS,9.778629,6.087433
4.114496,GPS,9.792229,6.290869
4.131058,GPS,10.11986,5.616172
4.147765,GPS,9.85536,6.112098
4.163804,GPS,10.17548,5.811213
4.180672,GPS,10.17967,6.232054
4.196937,GPS,10.24638,5.856729
4.21383,GPS,10.19422,5.777108
4.230804,GPS,10.41303,6.386747
4.247098,GPS,10.41385,6.290247
4.263203,GPS,10.39147,6.089479
4.27984,GPS,10.45598,5.935963
4.296337,GPS,10.57677,6.250428
4.312939,GPS,10.85307,5.999716
4.329827,GPS,10.60194,6.302608
4.346037,GPS,11.1185,5.95287
4.362616,GPS,11.00825,6.47191
4.379515,GPS,11.1516,6.144359
4.395737,GPS,10.85895,6.243646
4.41265,GPS,11.43188,6.483625
4.42887,GPS,11.49259,6.154282
4.445563,GPS,11.66615,6.149946
4.462516,GPS,11.82028,6.275887
4.47857,GPS,11.14794,6.238617
4.495435,GPS,11.27492,5.74551
4.511704,GPS,11.41543,5.957646
4.52827,GPS,11.67225,6.158572
4.544837,GPS,11.66507,5.917974
4.561403,GPS,12.15801,6.246046
4.578223,GPS,11.61597,5.95262
4.595214,GPS,12.30888,5.679407
4.611118,GPS,12.11928,5.743045
4.62767,GPS,11.89965,5.821542
4.644256,GPS,12.19316,5.913443
4.661141,GPS,12.39447,6.003249
4.67737,GPS,12.42326,5.59974
4.693936,GPS,12.09824,5.691714
4.710813,GPS,12.90678,5.4387
4.72707,GPS,12.72642,5.232435
4.743674,GPS,12.51263,5.452122
4.760621,GPS,12.48111,5.157751
4.77677,GPS,12.63302,5.457126
4.793336,GPS,12.6571,5.299527
4.809907,GPS,12.68159,4.91159
4.827156,GPS,13.19416,5.17183
4.843125,GPS,12.58733,5.259707
4.859604,GPS,13.16657,5.061023
4.876409,GPS,12.95805,4.887271
4.892737,GPS,12.56228,4.903697
4.909304,GPS,12.69632,4.419995
4.926233,GPS,13.50173,4.392595
4.942437,GPS,13.22863,4.594564
4.959234,GPS,13.13522,4.700421
4.976208,GPS,13.48873,4.19269
4.992137,GPS,12.8636,4.55036
5.009104,GPS,13.15972,4.438109
5.025394,GPS,12.6825,4.164934
5.042375,GPS,13.06793,4.200662
5.058404,GPS,12.97562,4.232846
5.075292,GPS,12.92946,3.689334
5.091537,GPS,12.91498,4.311099
5.109205,GPS,13.29455,3.446991
5.125039,GPS,12.80085,3.65611
5.141838,GPS,12.85135,3.902809
5.157912,GPS,12.92752,3.805548
5.174796,GPS,12.66989,3.288484
5.191465,GPS,12.57724,3.722853
5.207646,GPS,12.18526,3.520674
5.224519,GPS,12.73446,3.345563
5.240725,GPS,12.37776,3.234169
5.257219,GPS,12.58969,3.148903
5.274223,GPS,12.39714,3.191386
5.29044,GPS,12.18884,3.498318
5.306919,GPS,12.0868,3.409325
5.32347,GPS,12.45306,3.293314
5.340064,GPS,12.17734,3.337451
5.357,GPS,12.02467,3.353789
5.37387,GPS,11.98849,3.131003
5.390194,GPS,11.57737,3.34363
5.406403,GPS,11.64008,3.015488
5.423225,GPS,11.63674,2.984047
5.43945,GPS,11.48963,3.027301
5.456018,GPS,11.48319,3.004608
5.472575,GPS,11.49781,3.079504
5.489151,GPS,11.38291,3.452916
5.505708,GPS,11.46968,3.165242
5.522599,GPS,11.4081,3.050816
5.539716,GPS,11.01572,3.268836
5.555439,GPS,10.99877,3.148061
5.57197,GPS,10.78705,3.248062
5.588689,GPS,10.8793,3.333148
5.605642,GPS,10.68744,3.196623
5.621671,GPS,10.52829,3.044886
5.638606,GPS,10.76548,3.217786
5.654882,GPS,10.7965,3.161502
5.671372,GPS,10.80874,3.049413
5.688154,GPS,10.66355,2.98789
5.704504,GPS,10.44182,3.238038
5.721071,GPS,10.2367,2.957326
5.737817,GPS,10.38784,3.404994
5.754208,GPS,10.73146,3.619655
5.770771,GPS,10.62251,3.391448
5.787555,GPS,10.32192,2.856309
5.804081,GPS,9.856596,3.464803
5.821043,GPS,10.3958,3.684077
5.837418,GPS,10.21624,3.323492
5.853605,GPS,10.24454,3.339247
5.870746,GPS,9.909258,3.280116
5.886737,GPS,9.995799,3.082018
5.903304,GPS,10.08563,3.444523
5.919871,GPS,10.03426,3.462748
5.936437,GPS,10.35471,3.116561
5.953004,GPS,9.934872,3.127602
5.969741,GPS,10.23757,3.122247
5.986137,GPS,10.34872,3.367383
6.002704,GPS,10.00409,3.321739
6.019356,GPS,10.15973,3.127942
6.036,GPS,10.3704,3.27139
6.052403,GPS,9.690104,3.261144
6.069267,GPS,10.26083,3.321747
6.085543,GPS,10.27934,3.290159
6.102199,GPS,10.35373,3.382025
6.119246,GPS,10.04379,3.525769
6.135241,GPS,10.35982,3.185387
6.15184,GPS,10.26346,2.968083
6.16837,GPS,10.29187,2.929986
6.185128,GPS,9.830338,3.438246
6.201503,GPS,10.45187,3.312262
6.21864,GPS,9.981587,3.478437
6.234948,GPS,10.04758,3.433042
6.251309,GPS,9.806911,3.336483
6.268254,GPS,10.40014,2.981098
6.284337,GPS,9.891457,3.052091
6.301147,GPS,10.13623,3.423494
6.31747,GPS,10.06215,3.634967
6.334068,GPS,9.905255,3.402072
6.351044,GPS,9.981373,3.497873
6.36717,GPS,10.4016,3.696037
6.383737,GPS,10.17546,3.04961
6.400947,GPS,10.32019,3.615751
6.416886,GPS,9.838311,3.330153
6.433888,GPS,10.19346,3.38338
6.450004,GPS,9.850712,3.164363
6.467121,GPS,9.892185,3.086555
6.483428,GPS,10.05031,3.363882
6.500195,GPS,10.16691,3.529153
6.516751,GPS,10.04218,3.473643
6.533797,GPS,9.924207,3.269305
6.549988,GPS,10.3912,3.052428
6.566363,GPS,9.68978,2.843434
6.582537,GPS,9.867182,3.720946
6.599986,GPS,9.96071,3.301589
6.61567,GPS,10.29434,3.103066
6.632237,GPS,10.33097,3.224212
6.649195,GPS,10.3289,3.367249
6.665478,GPS,9.947021,3.467058
6.682447,GPS,10.04835,3.38905
6.698503,GPS,10.25593,3.438456
6.715322,GPS,10.13291,3.061311
6.731657,GPS,10.30443,2.976787
6.748637,GPS,10.23605,3.690531
6.764919,GPS,9.897038,3.201016
6.781844,GPS,10.41456,2.965334
6.797904,GPS,10.37529,2.999571
6.814469,GPS,10.16455,3.349851
6.83139,GPS,10.34119,3.07682
6.847604,GPS,9.983971,2.99048
6.864333,GPS,10.23075,3.460588
6.881271,GPS,10.09565,3.3053
6.897303,GPS,10.30389,3.142115
6.913871,GPS,10.0981,3.323056
6.930437,GPS,10.42084,2.987972
6.947003,GPS,10.1678,3.192505
6.96369,GPS,10.20587,2.980349
6.980136,GPS,10.3885,3.014404
6.996896,GPS,10.17676,3.074341
7.013806,GPS,10.04918,3.109097
7.029929,GPS,9.703436,3.330168
7.046646,GPS,10.16832,3.118664
7.063606,GPS,10.07013,3.361706
7.079538,GPS,10.39095,3.709177
7.096103,GPS,10.19353,3.352133
7.112965,GPS,10.03376,3.360362
7.129312,GPS,10.07298,3.046221
7.145995,GPS,10.02938,3.153916
7.16237,GPS,9.932959,3.138618
7.178937,GPS,10.18176,2.851739
7.195505,GPS,10.30912,3.456762
7.212436,GPS,10.03225,3.218825
7.228637,GPS,10.21501,3.275965
7.245203,GPS,10.1087,3.322779
7.26177,GPS,9.755353,3.525295
7.278779,GPS,10.34238,2.798921
7.295712,GPS,10.06569,3.625599
7.311665,GPS,10.13126,3.507124
7.328037,GPS,10.1004,3.063921
7.344604,GPS,10.51966,3.230832
7.361171,GPS,9.893949,3.28694
7.377748,GPS,10.11408,2.910051
7.394466,GPS,10.29472,2.957992
7.411398,GPS,10.07903,3.404091
7.427437,GPS,10.00141,3.252419
7.444003,GPS,9.714872,3.34877
7.460571,GPS,9.924366,3.334387
7.477229,GPS,10.02598,3.250919
7.493703,GPS,10.0979,3.147587
7.510271,GPS,10.00561,2.90603
7.527148,GPS,10.34044,3.08237
7.544372,GPS,9.98555,3.630043
7.560042,GPS,10.56831,3.323264
7.577293,GPS,10.089,3.004901
7.593255,GPS,10.34379,3.370167
