1.644337,GPS,0,0
1.660289,GPS,0,0
1.676761,GPS,0,0
1.693327,GPS,0,0
1.710474,GPS,0,0
1.726461,GPS,0,0
1.74303,GPS,0,0
1.759879,GPS,0,0
1.776554,GPS,0,0
1.792728,GPS,0,0
1.809294,GPS,0,0
1.826441,GPS,0,0
1.842451,GPS,0,0
1.859253,GPS,0,0
1.875567,GPS,0,0
1.892134,GPS,0,0
1.908696,GPS,0,0
1.92569,GPS,0,0
1.941831,GPS,0,0
1.958402,GPS,0,0
1.97511,GPS,0,0
1.99214,GPS,0,0
2.008103,GPS,0,0
2.025089,GPS,0,0
2.042029,GPS,0,0
2.05833,GPS,0,0
2.075124,GPS,0,0
2.091147,GPS,0,0
2.107502,GPS,0,0
2.124502,GPS,0,0
2.140643,GPS,0,0
2.157463,GPS,0,0
2.173791,GPS,0,0
2.190719,GPS,0,0
2.207559,GPS,0,0
2.224047,GPS,0,0
2.240333,GPS,0,0
2.257077,GPS,0,0
2.273335,GPS,0,0
2.290456,GPS,0,0
2.306388,GPS,0,0
2.323231,GPS,0,0
2.340413,GPS,0.005644798,0.003547668
2.356011,GPS,0.005644798,0.003547668
2.373322,GPS,0.02163696,0.01359892
2.389902,GPS,0.04907513,0.03084421
2.406225,GPS,0.08605099,0.0540843
2.422262,GPS,0.1309748,0.08231974
2.438909,GPS,0.1309748,0.08231974
2.455408,GPS,0.1825228,0.1147184
2.472452,GPS,0.2395906,0.1505861
2.489059,GPS,0.3012581,0.1893449
2.505708,GPS,0.3667583,0.2305131
2.521694,GPS,0.4354525,0.2736883
2.538233,GPS,0.4354525,0.2736883
2.555277,GPS,0.5068092,0.3185372
2.571372,GPS,0.5803833,0.3647799
2.588182,GPS,0.6558065,0.4121842
2.605123,GPS,0.73277,0.4605575
2.621068,GPS,0.811018,0.509737
2.638644,GPS,0.811018,0.509737
2.654401,GPS,0.8903351,0.5595889
2.671543,GPS,0.9705429,0.6100011
2.687327,GPS,1.051495,0.6608801
2.704123,GPS,1.133065,0.7121487
2.721227,GPS,1.215151,0.763741
2.737057,GPS,1.215151,0.763741
2.753609,GPS,1.297668,0.8156037
2.771078,GPS,1.380542,0.8676915
2.786728,GPS,1.463715,0.9199672
2.803302,GPS,1.547137,0.9723992
2.819861,GPS,1.547137,0.9723992
2.836427,GPS,1.630766,1.024961
2.852994,GPS,1.714568,1.077632
2.86956,GPS,1.798514,1.130394
2.886128,GPS,1.88258,1.18323
2.902695,GPS,1.966745,1.23613
2.919353,GPS,1.966745,1.23613
2.935827,GPS,2.050995,1.289082
2.952394,GPS,2.135314,1.342077
2.96952,GPS,2.21969,1.395109
2.985627,GPS,2.304114,1.448171
3.002566,GPS,2.388579,1.501259
3.01866,GPS,2.388579,1.501259
3.035235,GPS,2.473078,1.554367
3.052274,GPS,2.557604,1.607493
3.068427,GPS,2.642154,1.660634
3.084927,GPS,2.726723,1.713787
3.101602,GPS,2.811307,1.76695
3.11806,GPS,2.811307,1.76695
3.134627,GPS,2.895906,1.820121
3.151198,GPS,2.980515,1.8733
3.168125,GPS,3.065135,1.926484
3.184327,GPS,3.149762,1.979673
3.200893,GPS,3.234395,2.032867
3.217644,GPS,3.234395,2.032867
3.23463,GPS,3.319034,2.086063
3.250594,GPS,3.403677,2.139263
3.267483,GPS,3.488324,2.192465
3.283742,GPS,3.572974,2.245669
3.300403,GPS,3.657627,2.298874
3.31686,GPS,3.657627,2.298874
3.333428,GPS,3.742281,2.352081
3.350993,GPS,3.826938,2.405289
3.367034,GPS,3.911596,2.458498
3.383128,GPS,3.996256,2.511708
3.40025,GPS,4.080916,2.564919
3.417211,GPS,4.080916,2.564919
3.433196,GPS,4.165578,2.618129
3.449436,GPS,4.25024,2.671341
3.46596,GPS,4.334903,2.724553
3.482527,GPS,4.419566,2.777765
3.499346,GPS,4.419566,2.777765
3.515661,GPS,4.50423,2.830977
3.532228,GPS,4.588894,2.88419
3.548853,GPS,4.673558,2.937403
3.56536,GPS,4.758223,2.990616
3.581927,GPS,4.842887,3.043829
3.598648,GPS,4.842887,3.043829
3.615371,GPS,4.927552,3.097042
3.631631,GPS,5.012218,3.150255
3.648194,GPS,5.096883,3.203469
3.66476,GPS,5.181548,3.256682
3.681328,GPS,5.266213,3.309896
3.698073,GPS,5.266213,3.309896
3.714704,GPS,5.350879,3.363109
3.731027,GPS,5.435544,3.416323
3.7482,GPS,5.520209,3.469536
3.764163,GPS,5.604875,3.52275
3.780727,GPS,5.689541,3.575963
3.797398,GPS,5.689541,3.575963
3.814663,GPS,5.774207,3.629177
3.831018,GPS,5.858872,3.682391
3.847303,GPS,5.943538,3.735604
3.863935,GPS,6.028204,3.788818
3.880211,GPS,6.11287,3.842031
3.896694,GPS,6.11287,3.842031
3.913261,GPS,6.197536,3.895245
3.930028,GPS,6.282201,3.948459
3.946485,GPS,6.366867,4.001672
3.962961,GPS,6.451533,4.054886
3.98013,GPS,6.536199,4.108099
3.996101,GPS,6.536199,4.108099
4.01266,GPS,6.620873,4.161298
4.029344,GPS,6.705575,4.214455
4.045794,GPS,6.790325,4.267533
4.06258,GPS,6.875154,4.320485
4.078927,GPS,6.875154,4.320485
4.095829,GPS,6.960093,4.373259
4.112061,GPS,7.045177,4.425793
4.129459,GPS,7.130446,4.478024
4.145744,GPS,7.215938,4.529881
4.161761,GPS,7.301694,4.58129
4.178643,GPS,7.301694,4.58129
4.194945,GPS,7.387755,4.632174
4.211896,GPS,7.474162,4.682452
4.228241,GPS,7.560955,4.732039
4.244594,GPS,7.648172,4.780849
4.261796,GPS,7.735851,4.828793
4.277728,GPS,7.735851,4.828793
4.294293,GPS,7.824028,4.875778
4.311037,GPS,7.912734,4.921711
4.327427,GPS,8.002,4.966495
4.343994,GPS,8.091852,5.010032
4.360561,GPS,8.182314,5.05222
4.377495,GPS,8.182314,5.05222
4.394429,GPS,8.273403,5.092958
4.410742,GPS,8.365134,5.13214
4.426827,GPS,8.457517,5.169661
4.443703,GPS,8.550554,5.205411
4.45996,GPS,8.550554,5.205411
4.476613,GPS,8.644245,5.239284
4.4932,GPS,8.738582,5.271166
4.51053,GPS,8.833549,5.300946
4.526449,GPS,8.929128,5.328512
4.542794,GPS,9.025289,5.353749
4.559361,GPS,9.025289,5.353749
4.576025,GPS,9.121996,5.376544
4.592494,GPS,9.219205,5.396784
4.609165,GPS,9.316864,5.414353
4.62583,GPS,9.414913,5.429141
4.642197,GPS,9.513282,5.441034
4.65876,GPS,9.513282,5.441034
4.675327,GPS,9.611891,5.449924
4.691939,GPS,9.710651,5.455701
4.708954,GPS,9.809466,5.458263
4.725223,GPS,9.908226,5.457507
4.741593,GPS,10.00681,5.453336
4.758461,GPS,10.00681,5.453336
4.775401,GPS,10.10509,5.445659
4.791362,GPS,10.20294,5.434388
4.807861,GPS,10.30019,5.419443
4.824427,GPS,10.39668,5.400753
4.841627,GPS,10.49226,5.378251
4.857561,GPS,10.49226,5.378251
4.87425,GPS,10.58672,5.351884
4.890694,GPS,10.6799,5.321606
4.907443,GPS,10.77158,5.287384
4.923827,GPS,10.86155,5.249197
4.941322,GPS,10.9496,5.207035
4.957339,GPS,10.9496,5.207035
4.974251,GPS,11.0355,5.160905
4.990094,GPS,11.11902,5.110829
5.006985,GPS,11.19992,5.056844
5.02364,GPS,11.27794,4.999006
5.040901,GPS,11.35285,4.937389
5.05688,GPS,11.35285,4.937389
5.072927,GPS,11.42438,4.872085
5.089766,GPS,11.49228,4.803209
5.10607,GPS,11.5563,4.730895
5.122628,GPS,11.61618,4.655299
5.139627,GPS,11.61618,4.655299
5.155805,GPS,11.67167,4.576601
5.17263,GPS,11.72252,4.495002
5.188901,GPS,11.76849,4.410729
5.205461,GPS,11.80935,4.324032
5.222028,GPS,11.84488,4.235183
5.238608,GPS,11.84488,4.235183
5.255441,GPS,11.87487,4.14448
5.271739,GPS,11.89913,4.052243
5.288324,GPS,11.91747,3.958817
5.304873,GPS,11.92976,3.864569
5.321474,GPS,11.93586,3.769884
5.338006,GPS,11.93586,3.769884
5.354689,GPS,11.93566,3.675173
5.371754,GPS,11.92909,3.58086
5.38804,GPS,11.9161,3.48739
5.404304,GPS,11.89668,3.39522
5.420982,GPS,11.87084,3.304822
5.437405,GPS,11.87084,3.304822
5.454757,GPS,11.83865,3.216676
5.470547,GPS,11.80022,3.131269
5.48747,GPS,11.75567,3.049092
5.503694,GPS,11.70519,2.970636
5.520649,GPS,11.64902,2.896387
5.536871,GPS,11.64902,2.896387
5.553615,GPS,11.58742,2.826823
5.569973,GPS,11.52072,2.762411
5.586568,GPS,11.44928,2.703599
5.603081,GPS,11.37351,2.650815
5.619642,GPS,11.37351,2.650815
5.63679,GPS,11.29387,2.604458
5.653487,GPS,11.21101,2.563458
5.669396,GPS,11.12546,2.526922
5.686346,GPS,11.03767,2.494105
5.702469,GPS,10.94802,2.464388
5.719553,GPS,10.94802,2.464388
5.735602,GPS,10.85681,2.437254
5.752165,GPS,10.7643,2.412273
5.768749,GPS,10.67072,2.389086
5.786144,GPS,10.57623,2.367394
5.801863,GPS,10.481,2.346947
5.819052,GPS,10.481,2.346947
5.834997,GPS,10.38514,2.327539
5.851982,GPS,10.28876,2.308995
5.868688,GPS,10.19194,2.291173
5.88488,GPS,10.09477,2.273951
5.901517,GPS,9.99729,2.25723
5.917895,GPS,9.99729,2.25723
5.934775,GPS,9.899561,2.240926
5.951967,GPS,9.801623,2.22497
5.967656,GPS,9.703511,2.209303
5.98469,GPS,9.605254,2.193878
6.000688,GPS,9.506876,2.178654
6.017903,GPS,9.506876,2.178654
6.034007,GPS,9.408397,2.163598
6.050362,GPS,9.309834,2.148681
6.06725,GPS,9.2112,2.133881
6.083494,GPS,9.112508,2.119178
6.100174,GPS,9.013767,2.104556
6.11718,GPS,9.013767,2.104556
6.133427,GPS,8.914986,2.090001
6.149774,GPS,8.816171,2.075502
6.167068,GPS,8.717327,2.06105
6.183037,GPS,8.618461,2.046637
6.19947,GPS,8.618461,2.046637
6.21626,GPS,8.519574,2.032257
6.232594,GPS,8.420671,2.017903
6.24916,GPS,8.321755,2.003572
6.266011,GPS,8.222828,1.98926
6.282415,GPS,8.123891,1.974964
6.298861,GPS,8.123891,1.974964
6.315428,GPS,8.024946,1.96068
6.332009,GPS,7.925992,1.946425
6.34856,GPS,7.827026,1.932228
6.365127,GPS,7.728043,1.918131
6.382143,GPS,7.629035,1.904186
6.398402,GPS,7.629035,1.904186
6.414827,GPS,7.529996,1.890456
6.431394,GPS,7.430918,1.877007
6.44828,GPS,7.331794,1.863914
6.46528,GPS,7.232615,1.851256
6.481591,GPS,7.133376,1.839117
6.498415,GPS,7.133376,1.839117
6.514227,GPS,7.03407,1.827585
6.530794,GPS,6.934694,1.816748
6.547443,GPS,6.835245,1.806701
6.564364,GPS,6.735723,1.797537
6.580494,GPS,6.636129,1.789354
6.597268,GPS,6.636129,1.789354
6.614587,GPS,6.536471,1.782249
6.630294,GPS,6.436756,1.776322
6.646762,GPS,6.336996,1.771673
6.663529,GPS,6.237206,1.768402
6.680499,GPS,6.137408,1.766611
6.69646,GPS,6.137408,1.766611
6.713028,GPS,6.037626,1.766401
6.729593,GPS,5.937889,1.767874
6.746519,GPS,5.838232,1.771129
6.762727,GPS,5.738695,1.776268
6.779805,GPS,5.738695,1.776268
6.7961,GPS,5.639325,1.783389
6.812427,GPS,5.540174,1.792592
6.829385,GPS,5.441299,1.803971
6.84568,GPS,5.342766,1.817622
6.862127,GPS,5.244648,1.833637
6.878694,GPS,5.244648,1.833637
6.89526,GPS,5.147023,1.852106
6.912239,GPS,5.049977,1.873114
6.928501,GPS,4.953604,1.896744
6.94496,GPS,4.858006,1.923075
6.961737,GPS,4.763293,1.95218
6.978094,GPS,4.763293,1.95218
6.99466,GPS,4.66958,1.984128
7.01132,GPS,4.576993,2.018981
7.027801,GPS,4.485663,2.056793
7.04436,GPS,4.395732,2.097615
7.060927,GPS,4.307348,2.141487
7.077494,GPS,4.307348,2.141487
7.094302,GPS,4.220665,2.18844
7.111176,GPS,4.135846,2.238497
7.127194,GPS,4.053061,2.291669
7.143761,GPS,3.972486,2.347959
7.160499,GPS,3.894302,2.407355
7.17739,GPS,3.894302,2.407355
7.193461,GPS,3.818699,2.469835
7.210592,GPS,3.745868,2.535362
7.226844,GPS,3.676005,2.603885
7.243161,GPS,3.609312,2.675339
7.260475,GPS,3.545991,2.749643
7.276294,GPS,3.545991,2.749643
7.29312,GPS,3.486247,2.826699
7.310043,GPS,3.429483,2.906048
7.325994,GPS,3.375203,2.987308
7.342621,GPS,3.322992,3.070161
7.359443,GPS,3.322992,3.070161
7.37642,GPS,3.272506,3.154341
7.392395,GPS,3.223458,3.239628
7.408827,GPS,3.175607,3.325835
7.425394,GPS,3.128755,3.412811
7.442543,GPS,3.082734,3.500427
7.458554,GPS,3.082734,3.500427
7.475521,GPS,3.037406,3.588577
7.491863,GPS,2.992656,3.67717
7.508813,GPS,2.948388,3.766135
7.525155,GPS,2.90452,3.855407
7.54136,GPS,2.860987,3.944937
7.557927,GPS,2.860987,3.944937
7.574696,GPS,2.817732,4.034682
7.59106,GPS,2.77471,4.124605
7.607629,GPS,2.73188,4.214677
7.624605,GPS,2.689213,4.304873
7.64076,GPS,2.646679,4.395172
7.657557,GPS,2.646679,4.395172
7.674435,GPS,2.604258,4.485558
7.690795,GPS,2.561929,4.576015
7.707403,GPS,2.519678,4.666532
7.723594,GPS,2.477492,4.757099
7.74033,GPS,2.435361,4.847708
7.756727,GPS,2.435361,4.847708
7.773293,GPS,2.393274,4.938351
7.790215,GPS,2.351224,5.029023
7.806547,GPS,2.309206,5.119719
7.823483,GPS,2.267214,5.210434
7.83956,GPS,2.267214,5.210434
7.856445,GPS,2.225244,5.301167
7.872695,GPS,2.183291,5.391913
7.889261,GPS,2.141355,5.482672
7.905827,GPS,2.09943,5.57344
7.923222,GPS,2.057516,5.664216
7.939489,GPS,2.057516,5.664216
7.955821,GPS,2.016169,5.753788
7.972094,GPS,1.975852,5.841145
7.98868,GPS,1.936952,5.925446
8.005624,GPS,1.899791,6.00599
8.021793,GPS,1.864637,6.082191
8.038551,GPS,1.864637,6.082191
8.054928,GPS,1.831715,6.153563
8.071856,GPS,1.801209,6.219699
8.08806,GPS,1.773276,6.280262
8.104668,GPS,1.748045,6.334969
8.121696,GPS,1.725624,6.383585
8.137761,GPS,1.725624,6.383585
8.154326,GPS,1.706102,6.425915
8.171318,GPS,1.689556,6.461795
8.18746,GPS,1.675766,6.491695
8.20452,GPS,1.664275,6.516613
8.220593,GPS,1.654699,6.537376
8.237443,GPS,1.654699,6.537376
8.254418,GPS,1.646719,6.55468
8.270297,GPS,1.64007,6.569099
8.28728,GPS,1.634528,6.581116
8.303427,GPS,1.62991,6.591129
8.320231,GPS,1.626062,6.599474
8.336562,GPS,1.626062,6.599474
8.353127,GPS,1.622855,6.606428
8.370045,GPS,1.620183,6.612223
8.38626,GPS,1.617955,6.617052
8.403959,GPS,1.616099,6.621076
8.419925,GPS,1.616099,6.621076
8.435963,GPS,1.614553,6.624429
8.452848,GPS,1.613264,6.627224
8.469811,GPS,1.61219,6.629553
8.485661,GPS,1.611295,6.631494
8.502227,GPS,1.610549,6.633111
8.519048,GPS,1.610549,6.633111
8.535994,GPS,1.609928,6.634459
8.551991,GPS,1.60941,6.635581
8.568709,GPS,1.608978,6.636518
8.585097,GPS,1.608619,6.637298
8.601744,GPS,1.608319,6.637948
8.618195,GPS,1.608319,6.637948
8.634761,GPS,1.608069,6.638489
8.651327,GPS,1.607861,6.638941
8.667964,GPS,1.607688,6.639317
8.684461,GPS,1.607543,6.63963
8.701032,GPS,1.607423,6.639892
8.717594,GPS,1.607423,6.639892
8.734327,GPS,1.607322,6.640109
8.750728,GPS,1.607239,6.64029
8.768225,GPS,1.607169,6.640441
8.784275,GPS,1.607111,6.640567
8.800437,GPS,1.607062,6.640672
8.817257,GPS,1.607062,6.640672
8.834079,GPS,1.607022,6.640759
8.850142,GPS,1.606988,6.640832
8.866791,GPS,1.60696,6.640893
8.88389,GPS,1.606937,6.640944
8.900037,GPS,1.606918,6.640985
8.917315,GPS,1.606918,6.640985
8.933207,GPS,1.606902,6.641021
8.94954,GPS,1.606888,6.64105
8.966109,GPS,1.606877,6.641074
8.982678,GPS,1.606867,6.641095
8.999311,GPS,1.606867,6.641095
9.016148,GPS,1.60686,6.641112
9.032951,GPS,1.606853,6.641126
9.049223,GPS,1.606848,6.641138
9.065507,GPS,1.606843,6.641148
9.082064,GPS,1.606839,6.641156
9.098641,GPS,1.606839,6.641156
9.11521,GPS,1.606836,6.641163
9.131763,GPS,1.606833,6.641169
9.148632,GPS,1.606832,6.641173
9.164905,GPS,1.60683,6.641177
9.181477,GPS,1.606828,6.641181
9.198763,GPS,1.606828,6.641181
9.21461,GPS,1.606827,6.641183
9.231179,GPS,1.606827,6.641183
9.248066,GPS,1.606827,6.641183
9.264298,GPS,1.606827,6.641183
9.281403,GPS,1.606827,6.641183
9.297451,GPS,1.606827,6.641183
9.314428,GPS,1.606827,6.641183
